54854 200709  1.302  -84.7203   44.9080 -9999.0 -9999.0 -9999.0 -9999.0 -9999.0 -9999.0 U -9999.0 -9999.0 -9999.0
54854 200710  1.302  -84.7203   44.9080    16.2     6.6    11.4    11.3    48.5     8.4 R    22.3     5.0    11.3
54854 200711  1.302  -84.7203   44.9080     3.1    -3.5    -0.2     0.0    74.5     4.5 R     4.7    -6.0    -1.1
54854 200712  1.302  -84.7203   44.9080    -2.3    -7.5    -4.9    -4.8    71.6     3.0 R    -2.8   -11.3    -6.1
54854 200801  1.302  -84.7203   44.9080    -2.6    -8.9    -5.7    -5.8   132.6     4.1 R    -2.8   -12.1    -7.0
54854 200802  1.302  -84.7203   44.9080    -4.3   -12.0    -8.2    -8.1    78.7     6.9 R    -4.0   -16.5    -9.6
54854 200803  1.302  -84.7203   44.9080    -0.4    -9.2    -4.8    -4.6    46.6    12.6 R    -1.0   -13.8    -6.8
54854 200804  1.302  -84.7203   44.9080    13.1     1.9     7.5     7.1    89.6    17.7 R    22.1    -0.8     7.5
54854 200805  1.302  -84.7203   44.9080    15.7     3.2     9.5     9.5    56.4    20.4 R    30.4     2.5    13.0
54854 200806  1.302  -84.7203   44.9080    22.0    11.5    16.8    16.5   123.6    20.3 R    31.7    11.0    18.6
54854 200807  1.302  -84.7203   44.9080    24.1    13.1    18.6    18.6    58.6    21.5 R    36.0    12.1    21.2
54854 200808  1.302  -84.7203   44.9080    24.7    11.8    18.3    18.1    50.6    22.0 R    35.7     9.9    19.9
54854 200809  1.302  -84.7203   44.9080    20.1     9.1    14.6    14.3    91.1    13.6 R    29.5     7.9    15.8
54854 200810  1.302  -84.7203   44.9080    12.1     2.5     7.3     7.1    44.1     9.3 R    19.5     1.3     7.7
54854 200811  1.302  -84.7203   44.9080     3.9    -2.1     0.9     0.9    88.7     4.5 R     6.0    -5.2     0.1
54854 200812  1.302  -84.7203   44.9080    -4.0   -10.3    -7.2    -7.1   147.8     2.7 R    -3.5   -13.2    -7.9
54854 200901  1.302  -84.7203   44.9080    -8.0   -14.3   -11.2   -10.9    41.2     4.4 R    -6.9   -19.8   -12.5
54854 200902  1.302  -84.7203   44.9080    -2.2   -10.7    -6.4    -6.2    69.4     8.0 R    -1.6   -14.9    -7.9
54854 200903  1.302  -84.7203   44.9080     3.5    -6.5    -1.5    -1.8    45.2    13.4 R     7.7    -8.6    -2.4
54854 200904  1.302  -84.7203   44.9080    10.4     0.1     5.2     4.9    66.6    15.8 R    23.1    -1.4     7.1
54854 200905  1.302  -84.7203   44.9080    17.2     4.6    10.9    11.0    61.4    20.9 R    31.4     4.0    14.5
54854 200906  1.302  -84.7203   44.9080    21.2     9.8    15.5    15.6    68.2    21.0 R    32.9     9.6    18.5
54854 200907  1.302  -84.7203   44.9080    21.3    10.7    16.0    15.9    37.6    19.8 R    31.8     9.5    18.1
54854 200908  1.302  -84.7203   44.9080    21.7    11.3    16.5    16.6   162.3    17.4 R    33.6    10.8    19.4
54854 200909  1.302  -84.7203   44.9080    21.2     9.1    15.1    14.8    77.1    16.4 R    30.4     8.0    16.8
54854 200910  1.302  -84.7203   44.9080     9.5     2.0     5.8     5.3   141.5     5.7 R    13.1     1.5     5.8
54854 200911  1.302  -84.7203   44.9080     8.3     0.4     4.4     4.2    34.8     5.3 R    11.4    -0.6     4.1
54854 200912  1.302  -84.7203   44.9080    -3.0    -8.6    -5.8    -5.6    79.1     3.1 R    -1.7   -11.2    -6.1
54854 201001  1.302  -84.7203   44.9080    -4.0    -9.6    -6.8    -6.9    21.5     4.5 R    -2.6   -11.0    -7.1
54854 201002  1.302  -84.7203   44.9080    -3.3    -9.3    -6.3    -6.1    12.8     7.8 R    -0.5   -11.4    -6.4
54854 201003  1.302  -84.7203   44.9080     9.0    -2.4     3.3     2.9     6.8    16.0 R    15.5    -4.0     3.6
54854 201004  1.302  -84.7203   44.9080    15.0     2.5     8.7     8.8    67.1    17.1 R    24.0     1.4    10.5
54854 201005  1.302  -84.7203   44.9080    20.0     8.1    14.1    14.2    60.8    21.7 R    29.3     7.4    16.5
54854 201006  1.302  -84.7203   44.9080    21.4    11.2    16.3    16.2   116.2    18.5 R    30.0    10.8    18.4
54854 201007  1.302  -84.7203   44.9080    25.9    14.7    20.3    20.4    67.0    21.3 R    36.5    14.0    23.0
54854 201008  1.302  -84.7203   44.9080    25.8    15.2    20.5    20.2    56.2    18.7 R    34.1    14.4    22.1
54854 201009  2.404  -84.7203   44.9080    17.8     7.7    12.8    12.6   158.5    11.9 R    23.9     7.2    13.7
54854 201010  2.404  -84.7203   44.9080    13.7     3.2     8.5     8.3    53.2    10.0 R    20.9     1.7     8.8
54854 201011  2.404  -84.7203   44.9080     6.8    -1.4     2.7     2.3    36.5     4.6 R     9.6    -1.8     2.5
54854 201012  2.404  -84.7203   44.9080    -3.6    -8.4    -6.0    -5.9    39.8     3.2 R    -2.6   -10.5    -6.3
54854 201101  2.404  -84.7203   44.9080    -6.9   -13.2   -10.1    -9.7    41.0     4.1 R    -5.2   -16.0   -10.1
54854 201102  2.404  -84.7203   44.9080    -2.8   -10.6    -6.7    -6.6    35.7     8.5 R    -1.0   -12.7    -6.8
54854 201103  2.404  -84.7203   44.9080     0.8    -8.3    -3.8    -3.5    65.5    12.2 R     3.3   -10.9    -3.9
54854 201104  2.404  -84.7203   44.9080     9.3    -0.6     4.3     4.0   178.9    14.1 R    17.7    -1.5     5.6
54854 201105  2.404  -84.7203   44.9080    18.0     6.8    12.4    12.2    81.8    18.4 R    28.7     6.4    14.5
54854 201106  2.402  -84.7203   44.9080    22.1    10.8    16.4    16.3    66.3    21.2 R    29.6    10.2    18.3
54854 201107  2.402  -84.7203   44.9080    27.5    15.4    21.4    21.6    11.3    24.4 R    37.2    14.1    23.8
54854 201108  2.402  -84.7203   44.9080    24.1    13.3    18.7    18.5   100.5    19.1 R    31.3    12.1    19.9
54854 201109  2.402  -84.7203   44.9080    19.3     8.2    13.8    13.5   121.4    14.0 R    25.3     7.1    14.4
54854 201110  2.402  -84.7203   44.9080    13.9     4.3     9.1     8.8    88.5    10.0 R    18.1     3.0     8.9
54854 201111  2.402  -84.7203   44.9080     7.3    -0.5     3.4     3.2    99.3     5.4 R     9.2    -1.8     3.0
54854 201112  2.402  -84.7203   44.9080     0.4    -5.9    -2.8    -2.4    51.9     2.8 R     1.4    -7.2    -2.6
54854 201201  2.402  -84.7203   44.9080    -1.5    -8.6    -5.1    -4.9    75.3     4.2 R    -1.6   -11.8    -5.9
54854 201202  2.402  -84.7203   44.9080    -0.3    -7.4    -3.9    -3.6    45.7     7.2 R     0.2   -11.0    -4.6
54854 201203  2.402  -84.7203   44.9080    11.2     0.7     6.0     5.9    71.8    12.6 R    15.4    -1.3     5.8
54854 201204  2.402  -84.7203   44.9080    11.4    -0.3     5.5     5.4    50.2    20.0 R    22.5    -1.9     7.7
54854 201205  2.412  -84.7203   44.9080    20.7     7.3    14.0    14.3    87.5    21.6 C    30.1     6.5    16.7
54854 201206  2.412  -84.7203   44.9080    23.8    11.9    17.9    18.0   109.1    23.5 C    30.7    11.1    20.0
54854 201207  2.412  -84.7203   44.9080    27.0    15.3    21.2    21.1    59.0    22.3 C    33.1    14.3    22.9
54854 201208  2.412  -84.7203   44.9080    25.1    13.0    19.0    18.8    45.2    19.6 C    31.9    11.8    20.5
54854 201209  2.412  -84.7203   44.9080    19.8     7.4    13.6    13.0    70.0    15.3 C    25.5     6.5    14.2
54854 201210  2.412  -84.7203   44.9080    11.7     2.8     7.3     7.1   149.1     7.8 C    14.9     2.3     7.7
54854 201211  2.412  -84.7203   44.9080     5.2    -1.6     1.8     1.3    34.7     4.5 C     7.2    -2.5     1.5
54854 201212  2.412  -84.7203   44.9080     0.3    -4.9    -2.3    -2.3    90.3     2.6 C     1.3    -6.2    -2.4
54854 201301  2.412  -84.7203   44.9080    -2.7    -9.2    -6.0    -6.0 -9999.0     4.0 C    -2.3   -11.2    -6.4
54854 201302  2.412  -84.7203   44.9080    -3.8   -10.8    -7.3    -7.0 -9999.0     6.1 C    -2.8   -13.4    -7.4
54854 201303  2.412  -84.7203   44.9080    -0.1    -7.1    -3.6    -3.5 -9999.0    13.2 C     1.2    -9.4    -4.1
54854 201304  2.412  -84.7203   44.9080     7.5    -1.9     2.8     2.5 -9999.0    13.5 C    11.3    -3.7     2.9
54854 201305  2.412  -84.7203   44.9080    20.3     7.5    13.9    13.6    93.0    20.3 C    29.5     6.4    15.8
54854 201306  2.412  -84.7203   44.9080    22.5    10.7    16.6    16.5    41.7    21.7 C    33.1    10.3    19.7
54854 201307  2.422  -84.7203   44.9080    25.0    13.2    19.1    19.1    58.8    21.7 C    38.1    11.3    22.2
54854 201308  2.422  -84.7203   44.9080    24.6    12.1    18.3    18.1    34.0    19.6 C    43.7     8.7    21.5
54854 201309  2.422  -84.7203   44.9080    20.0     8.2    14.1    13.9    56.8    15.4 C    31.3     6.4    15.6
54854 201310  2.422  -84.7203   44.9080    13.1     3.4     8.3     8.1   184.1     8.3 C    19.2     1.4     8.2
54854 201311  2.422  -84.7203   44.9080     3.0    -4.1    -0.5    -0.4   154.1     3.9 C     4.1    -7.8    -1.7
54854 201312  2.422  -84.7203   44.9080    -5.6   -11.4    -8.5    -8.5    90.6     3.1 C    -6.3   -16.0    -9.9
54854 201401  2.422  -84.7203   44.9080    -8.2   -15.0   -11.6   -11.4 -9999.0     4.0 C    -8.9   -19.7   -13.0
54854 201402  2.422  -84.7203   44.9080    -7.9   -15.6   -11.7   -11.6 -9999.0     8.4 C    -8.2   -22.8   -14.0
54854 201403  2.422  -84.7203   44.9080    -1.6   -12.7    -7.1    -6.8    33.9    14.3 C    -3.2   -18.6    -9.7
54854 201404  2.422  -84.7203   44.9080     8.2    -1.3     3.4     3.3   122.2    14.1 C    14.9    -3.9     3.4
54854 201405  2.422  -84.7203   44.9080    17.4     6.1    11.7    11.8    69.1    17.9 C    28.0     4.8    13.9
54854 201406  2.422  -84.7203   44.9080    22.9    11.9    17.4    17.5    67.7    20.0 C    29.7    11.4    19.5
54854 201407  2.422  -84.7203   44.9080    22.0    10.9    16.5    16.5    49.8    20.8 C    29.0    10.3    18.6
54854 201408  2.422  -84.7203   44.9080    23.0    12.4    17.7    17.5   119.2    17.3 C    29.6    11.8    19.2
54854 201409  2.422  -84.7203   44.9080    18.9     8.4    13.6    13.3   156.8    13.0 C    23.7     7.8    14.4
54854 201410  2.422  -84.7203   44.9080    11.1     3.2     7.2     7.0   127.8     6.0 C    13.5     2.7     7.4
54854 201411  2.422  -84.7203   44.9080     0.6    -5.4    -2.4    -2.1   153.0     3.0 C     2.2    -6.1    -2.0
54854 201412  2.422  -84.7203   44.9080    -1.0    -6.5    -3.8    -3.5    50.2     2.8 C     0.9    -6.9    -3.3
54854 201501  2.422  -84.7203   44.9080    -5.9   -14.1   -10.0    -9.7    62.1     4.6 C    -2.8   -14.7    -9.2
54854 201502  2.422  -84.7203   44.9080   -10.1   -20.1   -15.1   -14.7    24.8     9.2 C    -5.4   -20.9   -13.7
54854 201503  2.422  -84.7203   44.9080     1.7    -8.7    -3.5    -3.2    30.2    13.9 C     5.6    -9.3    -2.1
54854 201504  2.422  -84.7203   44.9080    10.3    -0.4     4.9     4.7    64.8    16.1 C    14.7    -0.9     6.0
54854 201505  2.422  -84.7203   44.9080    19.9     7.2    13.6    13.6   103.3    18.0 C    26.3     6.7    15.3
54854 201506  2.422  -84.7203   44.9080    21.9     9.7    15.8    16.0    73.9    21.6 C    36.3     9.1    19.8
54854 201507  2.422  -84.7203   44.9080    24.6    12.8    18.7    18.9    49.1    23.1 C    38.1    11.3    22.0
54854 201508  2.422  -84.7203   44.9080    23.1    13.3    18.2    17.7    89.1    16.9 C    33.9    12.1    19.9
54854 201509  2.422  -84.7203   44.9080    22.0    12.0    17.0    16.6    80.8    13.7 C    29.9    10.9    17.8
54854 201510  2.422  -84.7203   44.9080    12.0     3.5     7.8     7.6    81.3     7.9 C    17.4     2.5     8.1
54854 201511  2.422  -84.7203   44.9080     8.8     0.3     4.6     4.3    88.7     5.2 C    10.6    -2.1     3.1
54854 201512  2.422  -84.7203   44.9080     3.7    -1.9     0.9     0.7   111.6     2.3 C     4.2    -2.9     0.4
54854 201601  2.422  -84.7203   44.9080    -3.6    -9.4    -6.5    -6.3    83.7     3.6 C    -4.4   -13.5    -7.6
54854 201602  2.422  -84.7203   44.9080    -2.0   -10.0    -6.0    -5.6    54.5     7.1 C    -3.2   -14.8    -7.7
54854 201603  2.422  -84.7203   44.9080     5.2    -3.7     0.8     0.7   125.4    11.1 C    10.2    -6.3     0.1
54854 201604  2.422  -84.7203   44.9080     8.1    -1.7     3.2     3.2    78.9    15.6 C    15.4    -5.5     3.4
54854 201605  2.422  -84.7203   44.9080    19.1     6.2    12.6    12.7    51.7    21.6 C    34.0     4.4    15.8
54854 201606  2.422  -84.7203   44.9080    22.6    10.1    16.3    16.6    65.7    22.6 C    34.8     8.7    19.6
54854 201607  2.422  -84.7203   44.9080    25.4    13.9    19.7    19.8    75.8    21.8 C    35.7    12.3    22.1
54854 201608  2.422  -84.7203   44.9080    26.4    15.0    20.7    20.4    81.6    18.2 C    36.8    13.4    22.6
54854 201609  2.422  -84.7203   44.9080    21.9    11.4    16.6    16.2    79.4    13.3 C    30.1     9.9    17.4
54854 201610  2.422  -84.7203   44.9080    14.1     5.0     9.5     9.3    69.4     7.0 C    18.7     3.7     9.7
54854 201611  2.422  -84.7203   44.9080     9.8     1.1     5.4     5.1    46.4     5.6 C    11.8    -1.5     3.9
54854 201612  2.422  -84.7203   44.9080    -2.2    -7.3    -4.7    -4.8   111.3     2.2 C    -3.0   -11.2    -6.2
54854 201701  2.422  -84.7203   44.9080    -2.2    -7.9    -5.0    -5.0    96.3     3.3 C    -3.6   -12.7    -7.1
54854 201702  2.422  -84.7203   44.9080     0.8    -6.8    -3.0    -2.8    83.5     6.5 C    -1.9   -11.9    -5.4
54854 201703  2.422  -84.7203   44.9080     0.9    -6.8    -2.9    -3.0    80.9    10.5 C     5.1    -9.1    -3.2
54854 201704  2.422  -84.7203   44.9080    13.0     1.7     7.3     7.2   116.3    13.9 C    20.9     0.4     8.6
54854 201705  2.422  -84.7203   44.9080    16.8     5.1    10.9    10.7    64.1    17.7 C    28.8     4.3    13.3
54854 201706  2.422  -84.7203   44.9080    23.2    12.0    17.6    17.4   143.2    21.1 C    33.6    11.5    20.1
54854 201707  2.422  -84.7203   44.9080    24.3    12.9    18.6    18.8    47.1    21.2 C    35.1    11.8    21.5
54854 201708  2.422  -84.7203   44.9080    22.0    12.2    17.1    16.9   100.1    16.5 C    34.0    11.4    19.7
54854 201709  2.422  -84.7203   44.9080    22.5    10.4    16.4    15.9    82.4    15.3 C    32.8     8.8    17.6
54854 201710  2.422  -84.7203   44.9080    15.3     5.5    10.4    10.0   196.2     8.5 C    20.9     4.2    10.4
54854 201711  2.422  -84.7203   44.9080     3.3    -3.7    -0.2    -0.1    82.2     3.7 C     4.4    -5.8    -0.8
54854 201712  2.422  -84.7203   44.9080    -4.4   -10.7    -7.5    -7.5    91.5     2.7 C    -4.3   -14.9    -9.0
54854 201801  2.422  -84.7203   44.9080    -3.9   -10.9    -7.4    -7.3    45.2     4.4 C    -3.8   -13.4    -8.2
54854 201802  2.422  -84.7203   44.9080    -1.8   -10.0    -5.9    -5.9    60.0     7.5 C    -1.3   -14.2    -7.3
54854 201803  2.422  -84.7203   44.9080     0.8    -7.1    -3.1    -3.1    39.7    13.2 C     6.0    -8.6    -2.5
54854 201804  2.422  -84.7203   44.9080     4.5    -4.5     0.0     0.2   127.6    16.3 C     5.1    -9.3    -2.0
54854 201805  2.622  -84.7203   44.9080    22.1     9.0    15.6    15.5   123.7    21.4 C    33.9     7.1    17.8
54854 201806  2.622  -84.7203   44.9080    23.3    11.5    17.4    17.4    72.6    22.0 C    37.9     9.8    21.0
54854 201807  2.622  -84.7203   44.9080    26.6    14.4    20.5    20.3   105.1    22.5 C    43.8    13.2    24.9
54854 201808  2.622  -84.7203   44.9080    26.1    14.9    20.5    19.9   141.9    16.4 C    40.3    13.5    23.1
54854 201809  2.622  -84.7203   44.9080    21.2    10.5    15.8    15.4   113.6    13.9 C    29.6     9.8    17.1
54854 201810  2.622  -84.7203   44.9080    11.0     2.4     6.7     6.2   156.2     6.4 C    15.0     1.8     6.9
54854 201811  2.622  -84.7203   44.9080     0.0    -4.9    -2.5    -2.4   110.6     3.1 C     0.9    -7.4    -3.0
54854 201812  2.622  -84.7203   44.9080    -0.4    -5.8    -3.1    -3.0   102.4     2.6 C    -1.5    -8.8    -4.2
54854 201901  2.622  -84.7203   44.9080    -6.7   -14.1   -10.4   -10.1   138.0     4.1 C    -6.9   -19.0   -11.8
54854 201902  2.622  -84.7203   44.9080    -3.7   -11.7    -7.7    -7.7   144.0     6.1 C    -3.6   -16.7    -9.3
54854 201903  2.622  -84.7203   44.9080     0.1    -8.9    -4.4    -4.0   110.1    12.6 C    -1.5   -15.0    -7.1
54854 201904  2.622  -84.7203   44.9080     9.3    -0.2     4.5     4.0   107.3    13.4 C    16.7    -2.1     4.9
54854 201905  2.622  -84.7203   44.9080    15.7     3.9     9.8     9.7   128.6    16.7 C    26.4     2.7    11.8
54854 201906  2.622  -84.7203   44.9080    21.5     9.8    15.7    15.7   121.9    20.7 C    33.0     8.7    18.6
54854 201907  2.622  -84.7203   44.9080    25.5    14.0    19.8    19.9    59.0    20.7 C    39.6    12.4    23.3
54854 201908  2.622  -84.7203   44.9080    23.5    11.2    17.3    17.3    49.9    19.3 C    38.6     9.1    20.3
54854 201909  2.622  -84.7203   44.9080    20.4    10.5    15.4    15.1   134.4    10.9 C    28.4     9.4    16.5
54854 201910  2.622  -84.7203   44.9080    11.1     2.8     6.9     6.7   118.0     6.7 C    15.9     1.8     7.3
54854 201911  2.622  -84.7203   44.9080     0.6    -5.7    -2.5    -2.3    97.6     3.6 C     0.5    -9.9    -3.8
54854 201912  2.622  -84.7203   44.9080    -0.6    -6.3    -3.4    -3.2   120.5     2.5 C    -2.2   -10.5    -5.0
54854 202001  2.622  -84.7203   44.9080    -1.5    -6.5    -4.0    -4.0    66.7     2.8 C    -2.3    -9.4    -5.3
54854 202002  2.622  -84.7203   44.9080    -2.5    -9.7    -6.1    -5.9    54.6     8.0 C    -3.5   -15.6    -8.5
54854 202003  2.622  -84.7203   44.9080     4.0    -4.4    -0.2    -0.1    84.8     9.8 C     3.9    -8.7    -1.9
54854 202004  2.622  -84.7203   44.9080     8.5    -2.0     3.3     3.1   102.3    14.5 C    19.4    -4.9     4.6
54854 202005  2.622  -84.7203   44.9080    16.7     4.7    10.7    10.5    99.0    20.0 C    30.4     3.5    13.6
54854 202006  2.622  -84.7203   44.9080    24.7    11.1    17.9    18.1    82.6    24.3 C    38.3    10.0    21.5
54854 202007  2.622  -84.7203   44.9080    26.7    15.2    20.9    20.9   130.8    22.2 C    39.5    13.8    24.1
54854 202008  2.622  -84.7203   44.9080    24.1    13.5    18.8    18.7   101.4    18.1 C    33.3    12.4    20.5
54854 202009  2.622  -84.7203   44.9080    18.2     7.7    13.0    12.9   126.8    12.4 C    24.3     6.5    13.6
54854 202010  2.622  -84.7203   44.9080     9.8     0.3     5.0     4.9   160.6     6.7 C    14.1    -0.7     5.4
54854 202011  2.622  -84.7203   44.9080     8.9     0.3     4.6     4.3    67.8     4.9 C     9.6    -2.4     2.7
54854 202012  2.622  -84.7203   44.9080    -0.9    -5.4    -3.1    -3.1    51.2     2.4 C    -1.2    -7.8    -4.0
54854 202101  2.622  -84.7203   44.9080    -2.5    -7.2    -4.9    -4.8    22.7     3.4 C    -3.0   -11.9    -6.5
54854 202102  2.622  -84.7203   44.9080    -4.5   -12.4    -8.4    -8.3    29.8     7.8 C    -5.3   -20.3   -11.7
54854 202103  2.622  -84.7203   44.9080     6.6    -4.1     1.3     1.2    27.1    12.6 C    10.9    -6.1     0.5
54854 202104  2.622  -84.7203   44.9080    11.3     0.9     6.1     5.8    40.8    14.1 C    23.1    -0.5     7.9
54854 202105  2.622  -84.7203   44.9080    17.5     5.3    11.4    11.4    75.1    17.6 C    31.1     3.6    14.0
54854 202106  2.622  -84.7203   44.9080    25.2    12.7    19.0    19.0    40.6    20.3 C    44.2    10.9    23.8
54854 202107  2.622  -84.7203   44.9080    24.2    13.2    18.7    18.9   166.4    19.7 C    36.0    12.7    22.0
54854 202108  2.622  -84.7203   44.9080    25.6    15.1    20.3    20.0   156.9    17.7 C    35.6    14.1    22.2
54854 202109  2.622  -84.7203   44.9080    20.2     9.4    14.8    14.4    68.3    13.2 C    26.8     8.2    15.4
54854 202110  2.622  -84.7203   44.9080    16.1     7.6    11.9    11.5    60.9     6.9 C    21.0     6.5    11.9
54854 202111  2.622  -84.7203   44.9080     4.1    -1.8     1.2     1.0    85.6     3.9 C     4.4    -6.0    -0.6
54854 202112  2.622  -84.7203   44.9080     0.5    -5.8    -2.6    -2.6    88.7     2.1 C    -0.6    -9.6    -3.9
54854 202201  2.622  -84.7203   44.9080    -6.5   -13.9   -10.2   -10.2    30.2     3.9 C    -6.9   -18.9   -12.0
54854 202202  2.622  -84.7203   44.9080    -4.1   -13.1    -8.6    -8.5    39.4     7.1 C    -4.8   -17.8   -10.2
54854 202203  2.622  -84.7203   44.9080     1.2    -7.0    -2.9    -2.9   150.9     8.6 C     1.3   -10.8    -4.5
54854 202204  2.622  -84.7203   44.9080     8.4    -1.6     3.4     3.2    78.3    12.2 C    16.0    -2.9     4.4
54854 202205  2.622  -84.7203   44.9080    20.7     8.4    14.6    14.4    24.4    19.3 C    34.6     6.5    17.2
54854 202206  2.622  -84.7203   44.9080    23.3    10.0    16.7    17.0    49.3    21.6 C    36.3     8.5    20.2
54854 202207  2.622  -84.7203   44.9080    24.9    12.9    18.9    19.1    66.1    20.4 C    34.8    10.9    20.9
54854 202208  2.622  -84.7203   44.9080 -9999.0 -9999.0 -9999.0 -9999.0 -9999.0 -9999.0 U -9999.0 -9999.0 -9999.0
