04994 200308  1.100  -95.8744   48.3055 -9999.0 -9999.0 -9999.0 -9999.0 -9999.0 -9999.0 U -9999.0 -9999.0 -9999.0
04994 200309  1.100  -95.8744   48.3055    18.4     5.7    12.0    12.3    85.9    11.7 R -9999.0 -9999.0    13.2
04994 200310  1.100  -95.8744   48.3055    13.2     0.2     6.7     6.7    49.4     9.4 R -9999.0 -9999.0     6.7
04994 200311  1.100  -95.8744   48.3055    -2.0   -11.0    -6.5    -5.8    19.2     4.9 R -9999.0 -9999.0    -6.9
04994 200312  1.100  -95.8744   48.3055    -4.2   -13.9    -9.0    -8.1    20.2     3.1 R -9999.0 -9999.0    -9.8
04994 200401  1.100  -95.8744   48.3055   -13.7   -24.8   -19.3   -18.7    32.4     4.8 R -9999.0 -9999.0   -19.1
04994 200402  1.100  -95.8744   48.3055    -5.4   -15.7   -10.6    -9.9     8.0     7.6 R -9999.0 -9999.0   -11.3
04994 200403  1.100  -95.8744   48.3055 -9999.0 -9999.0 -9999.0 -9999.0    37.7    12.9 R -9999.0 -9999.0    -5.1
04994 200404  1.100  -95.8744   48.3055     9.7    -2.7     3.5     3.7    22.5    16.2 R -9999.0 -9999.0     4.1
04994 200405  1.100  -95.8744   48.3055    14.1     3.0     8.6     8.8   214.7    17.1 R -9999.0 -9999.0     9.5
04994 200406  1.100  -95.8744   48.3055    20.0     7.7    13.8    14.3    18.2    21.1 R -9999.0 -9999.0    15.6
04994 200407  1.100  -95.8744   48.3055    22.9    11.2    17.0    17.4   112.5    20.7 R -9999.0 -9999.0    19.8
04994 200408  1.100  -95.8744   48.3055    19.8     6.9    13.3    13.8   106.9    16.3 R -9999.0 -9999.0    15.7
04994 200409  1.201  -95.8744   48.3055    19.9     8.4    14.1    14.4    83.6    12.1 R -9999.0 -9999.0    15.2
04994 200410  1.201  -95.8744   48.3055    11.4     1.9     6.6     6.7    70.2     7.2 R -9999.0 -9999.0     6.8
04994 200411  1.201  -95.8744   48.3055     4.4    -5.9    -0.8    -0.8     1.8     5.3 R -9999.0 -9999.0    -0.7
04994 200412  1.201  -95.8744   48.3055    -5.3   -17.2   -11.3   -10.9    29.8     2.8 R -9999.0 -9999.0   -10.8
04994 200501  1.201  -95.8744   48.3055   -11.6   -23.4   -17.5   -16.5    40.0     4.3 R -9999.0 -9999.0   -18.1
04994 200502  1.201  -95.8744   48.3055    -4.8   -17.4   -11.1   -10.2     8.0     8.8 R -9999.0 -9999.0   -12.1
04994 200503  1.201  -95.8744   48.3055     0.3   -12.8    -6.3    -5.5     6.1    14.1 R -9999.0 -9999.0    -7.5
04994 200504  1.201  -95.8744   48.3055    14.2     1.0     7.6     7.7    18.3    17.5 R -9999.0 -9999.0     6.9
04994 200505  1.201  -95.8744   48.3055    16.1     5.2    10.6    10.8    77.6    17.1 R -9999.0 -9999.0    11.5
04994 200506  1.201  -95.8744   48.3055    22.6    12.7    17.7    17.8   172.6    16.5 R -9999.0 -9999.0    19.3
04994 200507  1.201  -95.8744   48.3055    25.5    12.7    19.1    19.8    97.1    23.3 R -9999.0 -9999.0    21.6
04994 200508  1.201  -95.8744   48.3055    22.8    10.3    16.5    17.1    92.8    18.1 R -9999.0 -9999.0    17.6
04994 200509  1.301  -95.8744   48.3055    21.1     6.6    13.9    14.2    22.1    14.0 R -9999.0 -9999.0    14.0
04994 200510  1.301  -95.8744   48.3055    12.8     0.9     6.8     7.0    66.6     8.6 R    16.6    -0.3     6.6
04994 200511  1.301  -95.8744   48.3055     2.0    -6.8    -2.4    -2.1    58.1     3.8 R     3.0    -8.1    -2.5
04994 200512  1.301  -95.8744   48.3055    -5.4   -12.3    -8.9    -8.5    27.3     2.8 R    -5.2   -14.8    -9.2
04994 200601  1.301  -95.8744   48.3055    -2.3   -10.4    -6.3    -5.6    16.3     3.7 R    -2.6   -12.6    -6.4
04994 200602  1.301  -95.8744   48.3055    -8.7   -21.5   -15.1   -14.0    14.5     8.9 R    -8.4   -25.8   -16.0
04994 200603  1.301  -95.8744   48.3055     0.2    -8.5    -4.1    -3.6    63.7    12.0 R    -0.6   -12.0    -5.5
04994 200604  1.301  -95.8744   48.3055    15.4     1.5     8.5     8.7    27.7    18.5 R    22.6    -0.4     8.8
04994 200605  1.301  -95.8744   48.3055    18.6     6.2    12.4    12.9    20.2    19.0 R    25.8     5.3    13.9
04994 200606  1.301  -95.8744   48.3055    23.9     9.7    16.8    17.5    56.1    23.7 R    30.2     8.9    18.4
04994 200607  1.301  -95.8744   48.3055    28.5    12.3    20.4    21.1    33.0    25.0 R    38.7    11.5    23.0
04994 200608  1.301  -95.8744   48.3055    25.4     9.7    17.6    18.3    97.6    19.4 R    33.1     8.9    19.1
04994 200609  1.301  -95.8744   48.3055    19.3     5.5    12.4    12.4    34.8    13.9 R    24.1     4.6    12.5
04994 200610  1.301  -95.8744   48.3055     8.7    -2.4     3.1     3.2    34.6     7.5 R    12.5    -4.2     2.7
04994 200611  1.301  -95.8744   48.3055     2.7    -8.1    -2.7    -2.6    16.6     4.5 R     3.9    -9.3    -3.1
04994 200612  1.301  -95.8744   48.3055    -2.0   -11.8    -6.9    -6.7    25.6     3.4 R    -3.6   -14.8    -8.8
04994 200701  1.301  -95.8744   48.3055    -7.2   -18.1   -12.7   -12.1     3.8     4.6 R    -7.9   -20.5   -13.6
04994 200702  1.301  -95.8744   48.3055   -11.1   -21.8   -16.5   -16.1    25.1     8.4 R   -10.8   -25.7   -18.0
04994 200703  1.301  -95.8744   48.3055     2.5    -8.6    -3.1    -2.7    59.0    10.1 R     1.9   -11.2    -4.3
04994 200704  1.301  -95.8744   48.3055    10.3    -3.6     3.4     3.8    36.7    19.2 R    16.5    -6.5     3.0
04994 200705  1.301  -95.8744   48.3055    19.9     5.8    12.8    13.2    55.3    18.3 R    29.6     3.7    13.9
04994 200706  1.301  -95.8744   48.3055    23.9    11.6    17.8    18.3   146.9    21.3 R    29.4    10.3    18.5
04994 200707  1.301  -95.8744   48.3055    26.6    12.1    19.3    20.2    69.0    23.9 R    39.6    10.7    22.1
04994 200708  1.301  -95.8744   48.3055    23.2     9.4    16.3    17.0    33.7    17.9 R    27.9     7.9    16.9
04994 200709  1.301  -95.8744   48.3055    19.6     4.6    12.1    12.8    31.5    12.4 R    21.8     3.1    12.0
04994 200710  1.302  -95.8744   48.3055    12.7     0.7     6.7     6.9    96.6     6.5 R    14.2    -0.8     5.9
04994 200711  1.302  -95.8744   48.3055     1.1    -7.7    -3.3    -3.1    15.3     4.0 R     2.7    -9.6    -3.7
04994 200712  1.302  -95.8744   48.3055    -8.8   -18.6   -13.7   -13.1    29.1     3.2 R    -9.1   -22.3   -14.8
04994 200801  1.302  -95.8744   48.3055    -9.9   -22.0   -16.0   -15.4     0.9     5.1 R   -11.1   -25.9   -17.7
04994 200802  1.302  -95.8744   48.3055    -9.8   -23.2   -16.5   -15.6    11.7     9.1 R    -9.7   -26.2   -17.1
04994 200803  1.302  -95.8744   48.3055    -1.5   -12.8    -7.2    -6.4    10.4    13.6 R    -2.2   -16.0    -8.0
04994 200804  1.302  -95.8744   48.3055     9.4    -3.6     2.9     3.1    51.0    17.8 R    17.1    -6.7     3.0
04994 200805  1.302  -95.8744   48.3055    16.5     1.4     9.0     9.3    50.6    21.7 R    27.1    -1.5    10.2
04994 200806  1.302  -95.8744   48.3055    21.7     8.5    15.1    15.5    88.9    21.2 R    31.2     7.1    16.6
04994 200807  1.302  -95.8744   48.3055    24.2    10.6    17.4    18.2    46.0    22.6 R    34.1    10.0    19.6
04994 200808  1.302  -95.8744   48.3055    24.8    11.0    17.9    18.3    59.8    20.7 R    29.3     9.8    18.3
04994 200809  1.302  -95.8744   48.3055    18.9     6.1    12.5    12.7   110.0    13.1 R    21.5     4.9    12.4
04994 200810  1.302  -95.8744   48.3055    11.7     0.2     6.0     6.0    84.3     8.1 R    14.6    -1.1     5.5
04994 200811  1.302  -95.8744   48.3055     1.6    -6.8    -2.6    -2.2    27.7     4.0 R     3.6    -7.6    -2.2
04994 200812  1.302  -95.8744   48.3055   -12.0   -24.2   -18.1   -17.2    38.9     2.8 R   -11.5   -27.1   -18.1
04994 200901  1.302  -95.8744   48.3055   -13.1   -25.6   -19.4   -18.8    13.3     4.8 R   -13.4   -29.3   -20.5
04994 200902  1.302  -95.8744   48.3055    -7.8   -19.6   -13.7   -12.6    24.8     8.9 R    -7.2   -22.5   -14.0
04994 200903  1.302  -95.8744   48.3055    -1.6   -11.5    -6.5    -6.0    73.5    13.1 R    -1.4   -13.3    -6.9
04994 200904  1.302  -95.8744   48.3055     8.8    -1.1     3.8     3.8    29.5    15.4 R    12.8    -3.0     3.5
04994 200905  1.302  -95.8744   48.3055    15.4     2.3     8.8     9.0    53.8    19.5 R    22.6     1.0     9.8
04994 200906  1.302  -95.8744   48.3055    21.0     9.0    15.0    15.3    99.0    21.2 R    30.8     7.9    16.9
04994 200907  1.302  -95.8744   48.3055    22.2     9.9    16.1    16.5    22.3    22.4 R    33.1     9.2    18.6
04994 200908  1.302  -95.8744   48.3055    22.2     9.3    15.8    16.2    94.8    17.0 R    28.1     8.5    16.9
04994 200909  1.302  -95.8744   48.3055    22.8     9.0    15.9    16.0    40.9    15.6 R    25.4     7.5    15.4
04994 200910  1.302  -95.8744   48.3055     7.3    -0.7     3.3     3.3    49.0     5.3 R    10.2    -2.0     3.2
04994 200911  1.302  -95.8744   48.3055     7.2    -4.5     1.3     1.3    10.9     4.9 R     8.5    -6.4     0.3
04994 200912  1.302  -95.8744   48.3055    -9.9   -17.9   -13.9   -13.4    43.7     2.6 R    -9.6   -21.0   -14.6
04994 201001  1.302  -95.8744   48.3055    -9.6   -18.8   -14.2   -13.5    25.9     4.6 R    -9.6   -21.4   -15.0
04994 201002  1.302  -95.8744   48.3055    -6.1   -19.2   -12.7   -11.9    15.5     9.5 R    -5.8   -22.3   -13.9
04994 201003  1.302  -95.8744   48.3055     5.8    -4.7     0.5     0.7    21.5    11.8 R     8.6    -6.1     0.4
04994 201004  1.302  -95.8744   48.3055    16.3     1.1     8.7     8.7    35.8    17.5 R    22.5    -1.5     8.3
04994 201005  1.302  -95.8744   48.3055    18.4     6.2    12.3    12.7   133.6    18.9 R    22.5     4.6    12.6
04994 201006  2.403  -95.8744   48.3055    21.0    10.6    15.8    16.0   140.9    18.1 R    27.5    10.1    17.3
04994 201007  2.403  -95.8744   48.3055    25.8    12.9    19.4    19.9    91.5    22.4 R    31.3    13.1    21.1
04994 201008  2.403  -95.8744   48.3055    25.3    12.4    18.9    19.1    76.1    18.2 R    30.2    12.2    19.8
04994 201009  2.403  -95.8744   48.3055    16.3     5.3    10.8    11.0   188.3    12.6 R    19.2     4.8    11.2
04994 201010  2.403  -95.8744   48.3055    14.5     1.7     8.1     8.1    66.1     9.8 R    16.1     0.7     7.5
04994 201011  2.403  -95.8744   48.3055     1.7    -8.0    -3.2    -2.9    40.8     4.6 R     2.8    -9.0    -3.2
04994 201012  2.403  -95.8744   48.3055    -9.2   -17.3   -13.3   -12.8    29.6     2.9 R    -8.7   -18.9   -13.2
04994 201101  2.403  -95.8744   48.3055   -12.6   -24.1   -18.3   -17.5    18.9     3.8 R   -11.9   -26.1   -18.2
04994 201102  2.403  -95.8744   48.3055    -7.5   -18.8   -13.1   -12.5     3.7     8.6 R    -7.0   -21.1   -13.5
04994 201103  2.403  -95.8744   48.3055    -1.4   -12.4    -6.9    -6.4     9.0    12.7 R    -0.8   -13.7    -6.9
04994 201104  2.403  -95.8744   48.3055     9.8    -0.4     4.7     4.6    81.5    14.7 R    13.5    -1.1     4.8
04994 201105  2.403  -95.8744   48.3055    16.6     5.1    10.9    11.0    74.1    19.9 R    21.0     4.8    11.6
04994 201106  2.402  -95.8744   48.3055    21.3     9.9    15.6    16.3   151.2    22.9 R    24.4     9.5    16.7
04994 201107  2.402  -95.8744   48.3055    26.3    13.2    19.7    20.4   110.3    28.7 R    29.0    12.8    20.7
04994 201108  2.402  -95.8744   48.3055    25.2    10.5    17.9    18.6    31.4    24.3 R    27.5    10.1    18.8
04994 201109  2.402  -95.8744   48.3055    20.1     4.3    12.2    12.3    87.3    19.1 R    22.1     3.6    12.4
04994 201110  2.402  -95.8744   48.3055    15.4     1.7     8.5     8.6    15.7    11.9 R    17.3     0.9     8.4
04994 201111  2.402  -95.8744   48.3055     3.8    -6.3    -1.2    -1.2     9.0     6.1 R     5.2    -7.4    -1.5
04994 201112  2.402  -95.8744   48.3055    -2.1   -11.2    -6.7    -6.3     8.4     3.2 R    -0.7   -11.7    -6.1
04994 201201  2.402  -95.8744   48.3055    -4.4   -14.7    -9.6    -9.3    10.0     4.6 R    -3.2   -15.4    -9.3
04994 201202  2.402  -95.8744   48.3055    -2.5   -13.6    -8.1    -7.6    17.7     9.5 R    -0.6   -14.7    -7.7
04994 201203  2.402  -95.8744   48.3055     9.5    -3.6     3.0     3.3    54.5    13.8 R    11.5    -5.7     2.6
04994 201204  2.402  -95.8744   48.3055    13.2    -0.7     6.2     6.6    35.6    21.6 R    18.8    -2.3     7.0
04994 201205  2.412  -95.8744   48.3055    19.9     5.1    12.5    13.1    32.5    20.7 R    25.7     3.4    13.5
04994 201206  2.412  -95.8744   48.3055    24.9     9.2    17.0    17.9    62.5    23.3 C    29.7     8.4    19.1
04994 201207  2.412  -95.8744   48.3055    28.4    12.9    20.7    21.6    49.3    22.4 C    33.6    12.5    23.4
04994 201208  2.412  -95.8744   48.3055    25.7     8.1    16.9    17.7    52.5    20.4 C    30.1     7.6    18.9
04994 201209  2.412  -95.8744   48.3055    20.7     1.1    10.9    11.5     4.3    13.7 C    24.5     0.3    12.0
04994 201210  2.412  -95.8744   48.3055     8.8    -1.0     3.9     4.0    95.1     6.4 C    10.4    -1.8     4.0
04994 201211  2.412  -95.8744   48.3055     1.2    -8.3    -3.6    -3.3    14.1     3.8 C     2.4    -8.8    -3.2
04994 201212  2.412  -95.8744   48.3055    -7.5   -16.9   -12.2   -11.6     6.6     2.6 C    -6.2   -17.7   -11.6
04994 201301  2.412  -95.8744   48.3055    -8.9   -21.0   -14.9   -14.2    26.7     4.4 C    -8.3   -22.5   -14.5
04994 201302  2.412  -95.8744   48.3055    -6.7   -18.8   -12.7   -12.0    32.5     8.4 C    -4.9   -20.5   -12.1
04994 201303  2.412  -95.8744   48.3055    -2.5   -15.6    -9.0    -7.8    28.0    14.7 C     0.7   -17.4    -7.7
04994 201304  2.412  -95.8744   48.3055     4.5    -6.3    -0.9    -0.2    34.1    16.7 C     6.9    -7.3     0.1
04994 201305  2.422  -95.8744   48.3055    18.5     4.4    11.4    11.6   119.1    18.7 C    24.2     2.6    12.3
04994 201306  2.422  -95.8744   48.3055    23.8    10.8    17.3    17.6    25.8    22.2 C    30.4     8.9    17.9
04994 201307  2.422  -95.8744   48.3055    25.3    13.0    19.2    19.5   163.8    22.3 C    31.4    12.0    20.2
04994 201308  2.422  -95.8744   48.3055    25.3    11.9    18.6    18.6    48.1    20.3 C    29.0    10.8    18.6
04994 201309  2.422  -95.8744   48.3055    21.1     8.8    15.0    15.0    83.7    13.5 C    23.0     7.6    14.6
04994 201310  2.422  -95.8744   48.3055     9.8     0.1     5.0     4.9    52.2     6.7 C    12.1    -1.2     4.5
04994 201311  2.422  -95.8744   48.3055    -0.1   -10.4    -5.3    -4.6    24.8     4.3 C     1.3   -12.1    -5.2
04994 201312  2.422  -95.8744   48.3055   -13.9   -24.8   -19.4   -18.3    26.8     2.9 C   -14.6   -29.5   -20.9
04994 201401  2.422  -95.8744   48.3055   -12.3   -26.0   -19.1   -18.6    21.8     4.5 C   -12.1   -30.9   -21.0
04994 201402  2.422  -95.8744   48.3055   -12.5   -24.6   -18.5   -17.9    10.7     9.8 C   -13.4   -29.3   -20.6
04994 201403  2.422  -95.8744   48.3055    -3.5   -16.6   -10.1    -8.7    48.9    14.2 C    -5.0   -19.3   -11.2
04994 201404  2.422  -95.8744   48.3055     7.7    -2.6     2.6     2.7    52.5    17.6 C     8.7    -7.0     0.4
04994 201405  2.422  -95.8744   48.3055    17.0     6.3    11.7    11.7    90.9    17.6 C    23.2     3.4    11.8
04994 201406  2.422  -95.8744   48.3055    22.0    12.3    17.1    17.3   186.5    18.5 C    26.0    10.8    17.3
04994 201407  2.422  -95.8744   48.3055    24.0    12.2    18.1    18.3   151.5    23.1 C    27.1    10.2    18.0
04994 201408  2.422  -95.8744   48.3055    24.1    12.5    18.3    18.4    44.2    17.1 C    30.6    10.5    19.0
04994 201409  2.422  -95.8744   48.3055    19.7     7.1    13.4    13.1    42.0    13.7 C    21.4     5.4    12.3
04994 201410  2.422  -95.8744   48.3055    12.0     0.8     6.4     6.2    29.4     8.6 C    13.0    -1.2     5.1
04994 201411  2.422  -95.8744   48.3055    -3.0   -12.1    -7.6    -7.4     6.3     4.5 C    -1.7   -13.9    -7.8
04994 201412  2.422  -95.8744   48.3055    -4.5   -11.5    -8.0    -7.9    11.2     2.1 C    -4.3   -12.5    -8.4
04994 201501  2.422  -95.8744   48.3055    -7.4   -18.8   -13.1   -12.6    21.9     3.8 C    -8.4   -23.9   -14.8
04994 201502  2.422  -95.8744   48.3055   -11.6   -23.5   -17.6   -17.3    11.8     8.6 C   -11.7   -28.6   -19.5
04994 201503  2.422  -95.8744   48.3055     3.9    -8.4    -2.3    -2.0    14.3    12.9 C     4.6   -13.5    -4.3
04994 201504  2.422  -95.8744   48.3055    13.2    -2.5     5.3     5.7    14.3    17.8 C    18.8    -7.0     4.7
04994 201505  2.422  -95.8744   48.3055    18.1     3.6    10.8    11.2    91.2    18.8 C    25.4     0.2    11.4
04994 201506  2.422  -95.8744   48.3055    23.6    10.2    16.9    17.4    64.3    20.5 C    29.6     8.3    17.9
04994 201507  2.422  -95.8744   48.3055    25.7    13.3    19.5    19.9   146.1    20.7 C    29.1    12.3    20.0
04994 201508  2.422  -95.8744   48.3055    24.6    11.2    17.9    18.1   103.2    18.1 C    26.4    10.1    17.8
04994 201509  2.422  -95.8744   48.3055    22.1     8.6    15.4    15.6 -9999.0    13.8 C    23.5     7.5    15.0
04994 201510  2.422  -95.8744   48.3055    13.8     1.2     7.5     7.2 -9999.0     9.2 C    15.0    -0.1     6.5
04994 201511  2.422  -95.8744   48.3055     4.4    -4.5     0.0     0.1    42.0     4.1 C     4.8    -6.3    -0.7
04994 201512  2.422  -95.8744   48.3055    -2.8   -10.0    -6.4    -6.2    32.6     2.5 C    -3.6   -12.7    -7.6
04994 201601  2.422  -95.8744   48.3055    -8.6   -17.3   -12.9   -12.3     9.3     3.6 C    -9.0   -21.4   -14.2
04994 201602  2.422  -95.8744   48.3055    -4.4   -15.0    -9.7    -9.0    10.0     7.4 C    -5.2   -18.0   -10.4
04994 201603  2.422  -95.8744   48.3055     5.4    -5.3     0.0     0.1    14.5    12.1 C     8.8    -8.9    -1.1
04994 201604  2.422  -95.8744   48.3055     8.7    -1.8     3.4     3.6    45.8    14.7 C    14.6    -5.2     3.5
04994 201605  2.422  -95.8744   48.3055    20.2     5.6    12.9    13.6   111.7    19.7 C    26.4     2.1    13.2
04994 201606  2.422  -95.8744   48.3055    22.4    10.6    16.5    16.9   108.9    19.7 C    26.1     8.6    16.7
04994 201607  2.422  -95.8744   48.3055    25.2    12.6    18.9    19.5    86.3    20.8 C    26.7    11.1    18.8
04994 201608  2.422  -95.8744   48.3055    24.8    11.1    17.9    18.5   104.4    19.1 C    25.8     9.5    17.7
04994 201609  2.422  -95.8744   48.3055    19.4     8.3    13.9    13.9   110.2    11.7 C    20.8     6.7    13.3
04994 201610  2.422  -95.8744   48.3055    12.4     1.6     7.0     7.1    20.0     6.7 C    14.0     0.4     6.5
04994 201611  2.422  -95.8744   48.3055     8.0    -1.3     3.4     3.3    18.0     4.5 C     8.7    -2.6     2.7
04994 201612  2.422  -95.8744   48.3055    -7.5   -15.7   -11.6   -11.3    39.7     2.5 C    -7.7   -19.6   -12.9
04994 201701  2.422  -95.8744   48.3055    -7.7   -17.5   -12.6   -12.0    22.5     3.8 C    -8.9   -22.0   -14.7
04994 201702  2.422  -95.8744   48.3055    -3.9   -13.8    -8.9    -8.5    19.1     8.2 C    -5.8   -18.7   -11.5
04994 201703  2.422  -95.8744   48.3055     1.5    -9.9    -4.2    -3.9    15.9    12.5 C     4.2   -12.3    -4.8
04994 201704  2.422  -95.8744   48.3055    11.1    -1.6     4.7     4.9    26.1    15.9 C    17.3    -5.3     4.1
04994 201705  2.422  -95.8744   48.3055    18.0     4.0    11.0    11.4    26.1    18.9 C    26.0     0.0    11.1
04994 201706  2.422  -95.8744   48.3055    22.9     9.4    16.1    16.8   101.7    21.5 C    30.1     6.3    17.0
04994 201707  2.422  -95.8744   48.3055    26.0    11.6    18.8    19.5    11.2    22.2 C    29.5     9.8    19.0
04994 201708  2.422  -95.8744   48.3055    24.3     8.4    16.3    16.7    16.2    18.2 C    32.6     6.6    17.1
04994 201709  2.422  -95.8744   48.3055    20.4     7.2    13.8    13.8   115.9    12.0 C    26.8     5.1    13.7
04994 201710  2.422  -95.8744   48.3055    13.1    -0.1     6.5     6.7    31.8     8.3 C    15.7    -3.0     5.0
04994 201711  2.422  -95.8744   48.3055    -1.0   -10.5    -5.7    -5.1    25.5     3.8 C    -2.6   -14.5    -7.2
04994 201712  2.422  -95.8744   48.3055    -9.4   -18.7   -14.0   -13.3    28.8     2.7 C   -10.4   -24.7   -15.9
04994 201801  2.422  -95.8744   48.3055 -9999.0 -9999.0 -9999.0 -9999.0 -9999.0 -9999.0 U -9999.0 -9999.0 -9999.0
04994 201802  2.422  -95.8744   48.3055   -10.7   -23.0   -16.9   -16.0    17.4     9.3 C   -11.6   -28.9   -19.3
04994 201803  2.422  -95.8744   48.3055     0.8    -9.9    -4.6    -3.9    17.6    12.8 C    -1.0   -13.6    -6.5
04994 201804  2.422  -95.8744   48.3055     6.9    -7.1    -0.1     0.5     7.3    20.0 C     9.5   -10.8    -1.0
04994 201805  2.622  -95.8744   48.3055    22.4     5.6    14.0    14.6    62.3    20.9 C    32.1     2.7    15.3
04994 201806  2.622  -95.8744   48.3055    24.7    11.0    17.9    18.5    63.8    21.5 C    30.4     9.3    18.8
04994 201807  2.622  -95.8744   48.3055    26.1    11.2    18.6    19.5    71.7    22.9 C    29.7     9.3    19.3
04994 201808  2.622  -95.8744   48.3055    25.5     9.6    17.6    18.1    50.2    18.3 C    29.8     7.9    18.1
04994 201809  2.622  -95.8744   48.3055    18.2     4.3    11.2    11.8    66.5    12.1 C    21.2     3.1    11.7
04994 201810  2.622  -95.8744   48.3055     7.1    -1.3     2.9     3.1    81.0     6.2 C     8.5    -3.0     2.6
04994 201811  2.622  -95.8744   48.3055    -3.2   -11.4    -7.3    -6.9    14.6     3.7 C    -1.8   -13.4    -7.2
04994 201812  2.622  -95.8744   48.3055    -4.6   -14.0    -9.3    -8.8    25.6     2.6 C    -5.2   -16.9   -10.2
04994 201901  2.622  -95.8744   48.3055   -12.0   -23.3   -17.7   -17.0    19.6     4.2 C   -13.0   -28.0   -19.6
04994 201902  2.622  -95.8744   48.3055   -11.5   -23.7   -17.6   -16.8    45.2     8.0 C   -12.1   -27.6   -18.8
04994 201903  2.622  -95.8744   48.3055    -2.5   -14.2    -8.4    -7.2    34.9    14.4 C    -4.1   -18.0    -9.8
04994 201904  2.622  -95.8744   48.3055     9.3    -2.0     3.6     4.0    25.2    15.4 C    12.1    -5.7     2.5
04994 201905  2.622  -95.8744   48.3055    16.1     2.5     9.3     9.8    45.9    18.4 C    25.4    -0.9    10.5
04994 201906  2.622  -95.8744   48.3055    23.8     8.7    16.3    17.0    70.0    21.0 C    30.2     6.9    17.5
04994 201907  2.622  -95.8744   48.3055    25.7    11.4    18.6    19.2   131.2    21.4 C    27.7     9.8    18.6
04994 201908  2.622  -95.8744   48.3055    23.2     9.6    16.4    16.8    71.2    18.5 C    25.1     8.1    16.2
04994 201909  2.622  -95.8744   48.3055    18.1     7.5    12.8    13.2   234.6     9.8 C    19.7     6.1    12.7
04994 201910  2.622  -95.8744   48.3055     7.7     0.4     4.0     4.0   107.3     5.9 C     9.2    -0.1     3.9
04994 201911  2.622  -95.8744   48.3055    -1.5    -9.2    -5.3    -4.9    28.4     3.6 C    -0.7   -10.1    -5.2
04994 201912  2.622  -95.8744   48.3055    -5.9   -16.3   -11.1   -10.7 -9999.0     2.8 C    -6.9   -20.0   -12.6
04994 202001  2.622  -95.8744   48.3055    -7.6   -17.7   -12.6   -11.7    29.6     3.4 C    -8.3   -20.8   -13.3
04994 202002  2.622  -95.8744   48.3055    -6.4   -21.1   -13.7   -12.7     6.1     9.3 C    -7.3   -25.4   -15.5
04994 202003  2.622  -95.8744   48.3055     1.5   -10.7    -4.6    -3.8     9.8    13.7 C    -1.1   -14.2    -6.3
04994 202004  2.622  -95.8744   48.3055     8.0    -4.4     1.8     2.4    40.5    17.9 C    14.8    -7.6     2.1
04994 202005  2.622  -95.8744   48.3055    17.5     3.3    10.4    10.9    23.8    20.1 C    24.5     0.1    11.2
04994 202006  2.622  -95.8744   48.3055    24.1    10.7    17.4    18.3   131.1    21.8 C    28.5     9.9    19.4
04994 202007  2.622  -95.8744   48.3055    26.6    12.6    19.6    20.3   138.5    23.1 C    32.6    12.0    22.2
04994 202008  2.622  -95.8744   48.3055    25.1    10.4    17.8    18.2   128.0    18.5 C    30.6     9.7    19.7
04994 202009  2.622  -95.8744   48.3055    18.6     4.0    11.3    11.5    23.9    13.2 C    21.5     3.2    12.0
04994 202010  2.622  -95.8744   48.3055     7.0    -4.6     1.2     1.7    36.1     7.7 C     8.7    -5.4     1.8
04994 202011  2.622  -95.8744   48.3055     4.1    -7.7    -1.8    -1.4     6.3     4.5 C     5.0    -8.3    -1.4
04994 202012  2.622  -95.8744   48.3055    -2.8   -12.9    -7.8    -7.4    21.7     2.2 C    -1.9   -13.3    -7.5
04994 202101  2.622  -95.8744   48.3055    -4.6   -14.5    -9.6    -8.9    10.5     3.5 C    -3.0   -15.0    -8.7
04994 202102  2.622  -95.8744   48.3055   -11.6   -22.8   -17.2   -16.8     4.0     8.6 C    -9.1   -23.4   -16.4
04994 202103  2.622  -95.8744   48.3055     7.7    -6.8     0.4     0.6     2.2    13.0 C    10.1    -7.5     1.1
04994 202104  2.622  -95.8744   48.3055    10.9    -2.9     4.0     4.2    45.3    15.0 C    14.2    -3.6     4.9
04994 202105  2.622  -95.8744   48.3055    19.5     3.3    11.4    11.9    25.2    20.9 C    24.0     2.7    13.1
04994 202106  2.622  -95.8744   48.3055    27.1     9.0    18.1    19.4    31.2    23.5 C    32.6     8.4    21.1
04994 202107  2.622  -95.8744   48.3055    27.9    11.7    19.8    20.5    32.5    20.8 C    33.6    11.4    22.3
04994 202108  2.622  -95.8744   48.3055    26.0    11.2    18.6    19.0   174.8    17.0 C    30.5    10.7    20.2
04994 202109  2.622  -95.8744   48.3055    22.4     7.2    14.8    14.8    60.5    13.3 C    25.0     6.8    15.3
04994 202110  2.622  -95.8744   48.3055    15.0     2.7     8.8     8.8    88.6     8.0 C    17.0     2.0     9.0
04994 202111  2.622  -95.8744   48.3055     2.7    -6.9    -2.1    -2.1    58.5     4.3 C     4.3    -7.5    -2.0
04994 202112  2.622  -95.8744   48.3055    -6.4   -16.3   -11.4   -10.8    44.9     2.6 C    -5.1   -16.8   -10.7
04994 202201  2.622  -95.8744   48.3055   -12.0   -24.6   -18.3   -17.6    36.3     4.0 C   -10.6   -25.3   -17.4
04994 202202  2.622  -95.8744   48.3055   -10.7   -26.2   -18.5   -17.5    39.7     8.5 C    -7.7   -27.5   -17.3
04994 202203  2.622  -95.8744   48.3055    -0.9   -12.6    -6.8    -5.3    12.7    13.5 C     2.7   -13.3    -4.9
04994 202204  2.622  -95.8744   48.3055     4.5    -4.3     0.1     0.5   171.0    11.6 C     6.8    -5.0     0.9
04994 202205  2.622  -95.8744   48.3055    17.4     6.1    11.7    11.8   167.3    17.6 C    20.8     5.4    12.6
04994 202206  2.622  -95.8744   48.3055    23.8     9.4    16.6    17.4   151.9    21.2 C    28.2     7.1    17.2
04994 202207  2.622  -95.8744   48.3055    25.4    12.4    18.9    19.5    63.5    21.1 C    27.5    10.2    18.9
04994 202208  2.622  -95.8744   48.3055 -9999.0 -9999.0 -9999.0 -9999.0 -9999.0 -9999.0 U -9999.0 -9999.0 -9999.0
