54903 200410  1.201  -90.1737   44.0604    14.8     4.4     9.6     9.6 -9999.0     8.2 R -9999.0 -9999.0     9.9
54903 200411  1.201  -90.1737   44.0604     7.8    -1.4     3.2     3.3    42.2     5.9 R -9999.0 -9999.0     2.9
54903 200412  1.201  -90.1737   44.0604    -1.1   -10.5    -5.8    -5.4    46.9     4.2 R -9999.0 -9999.0    -6.3
54903 200501  1.201  -90.1737   44.0604    -4.4   -13.8    -9.1    -8.6    40.7     5.4 R -9999.0 -9999.0    -9.4
54903 200502  1.201  -90.1737   44.0604     1.3    -7.9    -3.3    -2.8    37.6     8.7 R -9999.0 -9999.0    -4.1
54903 200503  1.201  -90.1737   44.0604     4.4    -8.0    -1.8    -1.4    33.8    15.6 R -9999.0 -9999.0    -1.6
54903 200504  1.201  -90.1737   44.0604    16.4     3.0     9.7     9.9    36.9    16.8 R -9999.0 -9999.0    11.4
54903 200505  1.201  -90.1737   44.0604    18.2     7.0    12.6    12.8    44.2    17.2 R -9999.0 -9999.0    15.3
54903 200506  1.201  -90.1737   44.0604    27.4    15.5    21.5    21.6   111.3    22.7 R -9999.0 -9999.0    24.4
54903 200507  1.201  -90.1737   44.0604    28.3    15.8    22.1    22.4   173.4    22.8 R -9999.0 -9999.0    26.4
54903 200508  1.201  -90.1737   44.0604    26.2    14.7    20.4    20.6    85.4    19.9 R -9999.0 -9999.0    23.3
54903 200509  1.301  -90.1737   44.0604    24.2    11.5    17.8    18.0    90.9    15.1 R -9999.0 -9999.0    19.3
54903 200510  1.301  -90.1737   44.0604    16.5     4.2    10.3    10.4    20.8    10.3 R    24.4     3.3    11.2
54903 200511  1.301  -90.1737   44.0604     7.0    -2.9     2.0     2.2    62.7     5.3 R     9.5    -3.9     2.0
54903 200512  1.301  -90.1737   44.0604    -3.7   -10.8    -7.3    -6.9    14.9     4.3 R    -2.6   -12.8    -7.7
54903 200601  1.301  -90.1737   44.0604 -9999.0 -9999.0 -9999.0 -9999.0    23.2     4.1 R     4.8    -6.2    -1.2
54903 200602  1.301  -90.1737   44.0604    -1.6   -12.5    -7.1    -6.4    16.9     9.7 R     3.1   -13.5    -6.1
54903 200603  1.301  -90.1737   44.0604     5.9    -4.0     1.0     1.0    42.8    11.6 R    12.5    -5.3     1.5
54903 200604  1.301  -90.1737   44.0604    17.1     4.2    10.7    10.7    89.1    17.0 R    27.9     2.6    12.0
54903 200605  1.301  -90.1737   44.0604    20.2     9.0    14.6    14.8   117.7    17.7 R    32.3     8.2    16.9
54903 200606  1.301  -90.1737   44.0604    25.2    12.8    19.0    19.4    36.8    22.0 R    39.4    12.3    22.4
54903 200607  1.301  -90.1737   44.0604    30.1    16.9    23.5    23.6    42.7    22.5 R    46.8    16.3    27.6
54903 200608  1.301  -90.1737   44.0604    26.0    14.5    20.2    20.4   106.5    16.9 R    38.4    14.0    23.1
54903 200609  1.301  -90.1737   44.0604    19.4     8.1    13.7    13.8    89.1    12.6 R    29.3     7.7    15.5
54903 200610  1.301  -90.1737   44.0604    11.8     1.0     6.4     6.6    39.5     9.0 R    19.9    -0.5     6.9
54903 200611  1.301  -90.1737   44.0604     7.8    -1.4     3.2     3.2    40.4     5.6 R    12.8    -3.6     2.7
54903 200612  1.301  -90.1737   44.0604     2.5    -5.8    -1.6    -1.3    50.6     3.5 R     5.0    -7.5    -2.3
54903 200701  1.301  -90.1737   44.0604    -1.2    -9.9    -5.6    -5.2    15.0     5.8 R     0.4   -13.0    -6.5
54903 200702  1.301  -90.1737   44.0604    -5.9   -14.7   -10.3   -10.1    40.8     9.5 R    -4.8   -17.4   -11.4
54903 200703  1.301  -90.1737   44.0604     8.1    -3.7     2.2     2.9    93.4    12.9 R    14.1    -5.7     2.5
54903 200704  1.301  -90.1737   44.0604    12.8     1.9     7.4     7.5    53.3    17.0 R    28.1    -0.2     9.2
54903 200705  1.301  -90.1737   44.0604    22.9     9.6    16.3    16.5    37.5    21.3 R    41.1     8.1    19.7
54903 200706  1.301  -90.1737   44.0604    26.7    12.4    19.6    20.3    42.7    23.9 R    47.3    11.5    24.5
54903 200707  1.301  -90.1737   44.0604    28.7    13.5    21.1    21.3    48.1    23.5 R    50.5    13.1    26.4
54903 200708  1.301  -90.1737   44.0604    26.2    14.5    20.4    20.4   194.9    16.3 R    39.1    14.2    23.0
54903 200709  1.301  -90.1737   44.0604    23.1     9.6    16.3    16.6    73.0    15.3 R    33.3     8.6    17.9
54903 200710  1.302  -90.1737   44.0604    17.7     6.6    12.1    12.4    84.6     8.1 R    23.8     5.6    12.5
54903 200711  1.302  -90.1737   44.0604     5.3    -4.1     0.6     1.0     3.5     5.2 R    11.5    -5.9     1.0
54903 200712  1.302  -90.1737   44.0604    -3.2   -12.9    -8.0    -7.1    75.3     3.4 R    -3.1   -14.5    -7.9
54903 200801  1.302  -90.1737   44.0604    -5.0   -15.1   -10.1    -9.3    34.8     4.7 R    -4.9   -17.3   -10.3
54903 200802  1.302  -90.1737   44.0604    -4.5   -16.6   -10.6    -9.6    42.9     7.9 R    -3.4   -18.4   -10.4
54903 200803  1.302  -90.1737   44.0604     2.4    -8.5    -3.0    -2.5    51.3    12.4 R     9.0    -9.6    -1.7
54903 200804  1.302  -90.1737   44.0604    12.6     2.2     7.4     7.6   128.7    12.3 R    23.3     0.7     9.1
54903 200805  1.302  -90.1737   44.0604    18.6     5.9    12.3    12.7    82.1    17.7 R    36.5     4.5    16.0
54903 200806  1.302  -90.1737   44.0604    24.1    13.5    18.8    19.0   151.9    17.8 R    38.8    13.1    21.9
54903 200807  1.302  -90.1737   44.0604    27.2    15.0    21.1    21.1   154.2    19.2 R    41.7    14.8    24.4
54903 200808  1.302  -90.1737   44.0604    26.2    12.5    19.3    19.5    45.5    17.9 R    39.1    12.1    22.5
54903 200809  1.302  -90.1737   44.0604    22.0     9.8    15.9    15.9    45.0    13.9 R    32.0     9.4    17.9
54903 200810  1.302  -90.1737   44.0604    14.8     2.6     8.7     8.8    32.4    11.0 R    23.6     1.6     9.4
54903 200811  1.302  -90.1737   44.0604     5.9    -3.6     1.1     1.3    36.0     6.5 R    10.6    -4.6     1.5
54903 200812  1.302  -90.1737   44.0604    -4.9   -16.7   -10.8    -9.7    71.2     5.7 R    -4.8   -18.8   -10.4
54903 200901  1.302  -90.1737   44.0604    -7.8   -20.3   -14.0   -13.2    12.4     8.1 R    -6.2   -21.5   -14.0
54903 200902  1.302  -90.1737   44.0604    -0.4   -11.2    -5.8    -5.5    24.3    11.7 R     3.7   -12.2    -5.0
54903 200903  1.302  -90.1737   44.0604     5.8    -5.8     0.0     0.2    62.6    14.5 R    12.7    -6.4     1.4
54903 200904  1.302  -90.1737   44.0604    13.7     1.5     7.6     7.6    73.4    18.2 R    27.7     0.4    10.4
54903 200905  1.302  -90.1737   44.0604    19.6     8.7    14.2    14.3   104.1    21.7 R    35.9     8.0    17.9
54903 200906  1.302  -90.1737   44.0604    23.5    13.3    18.4    18.5   112.0    21.5 R    38.1    13.8    22.4
54903 200907  1.302  -90.1737   44.0604    23.6    12.6    18.1    18.3    53.9    21.8 R    39.0    13.1    22.5
54903 200908  2.402  -90.1737   44.0604    24.0    13.5    18.8    18.8   122.8    19.0 R    37.3    15.4    23.5
54903 200909  2.402  -90.1737   44.0604    23.2    10.0    16.6    16.5    13.5    16.2 R    38.1    11.8    21.7
54903 200910  2.402  -90.1737   44.0604     9.9     2.2     6.0     6.2   147.5     6.7 R    17.1     3.8     9.3
54903 200911  2.402  -90.1737   44.0604    10.4    -0.1     5.1     5.3    12.2     6.3 R    16.6     0.6     7.3
54903 200912  2.402  -90.1737   44.0604    -3.1   -10.7    -6.9    -6.5    57.5     4.5 R     0.9   -10.9    -5.3
54903 201001  2.402  -90.1737   44.0604    -4.7   -14.1    -9.4    -9.0    28.4     6.4 R    -1.5   -14.6    -8.4
54903 201002  2.402  -90.1737   44.0604    -0.9   -11.4    -6.2    -5.5    20.2     9.9 R     3.5   -12.6    -4.4
54903 201003  2.402  -90.1737   44.0604    10.6    -2.5     4.1     4.1    16.2    14.7 R    21.1    -1.7     7.6
54903 201004  2.402  -90.1737   44.0604    17.7     4.7    11.2    11.6    65.6    17.2 R    31.0     6.2    16.3
54903 201005  2.402  -90.1737   44.0604    21.4     8.3    14.9    15.2    91.2    20.4 R    35.6    11.1    21.2
54903 201006  2.402  -90.1737   44.0604    24.2    13.6    18.9    19.0   123.4    18.9 R    36.9    16.8    24.8
54903 201007  2.402  -90.1737   44.0604    27.6    17.1    22.3    22.4   244.5    21.3 R    40.5    20.8    28.6
54903 201008  2.402  -90.1737   44.0604    27.9    16.5    22.2    22.2   124.2    19.5 R    41.1    20.1    28.3
54903 201009  2.402  -90.1737   44.0604    20.5     8.7    14.6    14.5   141.6    12.9 R    32.9    11.6    19.7
54903 201010  2.402  -90.1737   44.0604    17.4     3.4    10.4    10.2    55.1    11.3 R    32.5     5.1    15.1
54903 201011  2.402  -90.1737   44.0604     7.1    -3.1     2.0     2.2    46.6     6.0 R    17.0    -1.5     6.2
54903 201012  2.402  -90.1737   44.0604    -3.8   -12.6    -8.2    -8.0    51.1     4.4 R     1.9   -14.4    -6.3
54903 201101  2.402  -90.1737   44.0604    -6.3   -14.9   -10.6   -10.2    32.1     5.6 R    -1.7   -16.4    -9.4
54903 201102  2.402  -90.1737   44.0604    -1.9   -12.7    -7.3    -6.4    33.3     8.7 R     0.3   -14.9    -6.6
54903 201103  2.402  -90.1737   44.0604     4.1    -6.3    -1.1    -0.8    75.1    13.5 R    11.9    -6.3     1.7
54903 201104  2.402  -90.1737   44.0604    11.2     2.3     6.7     6.5   117.1    12.4 R    24.2     3.1    10.4
54903 201105  2.402  -90.1737   44.0604    19.2     8.3    13.8    13.9    46.9    19.7 R    36.4     7.4    17.3
54903 201106  2.402  -90.1737   44.0604    24.2    13.5    18.9    19.2   100.1    23.7 R    39.0    12.9    22.4
54903 201107  2.402  -90.1737   44.0604    29.0    18.2    23.6    23.8   106.7    25.2 R    45.3    17.6    27.3
54903 201108  2.402  -90.1737   44.0604    26.7    15.1    20.9    20.9    32.2    24.7 R    42.9    14.4    24.5
54903 201109  2.402  -90.1737   44.0604    19.9     8.1    14.0    14.0    78.7    17.0 R    31.5     8.1    16.2
54903 201110  2.402  -90.1737   44.0604    16.7     4.0    10.3    10.2    31.8    13.3 R    25.0     2.9    10.8
54903 201111  2.402  -90.1737   44.0604     7.8    -1.1     3.3     3.4    52.6     6.9 R    12.4    -2.7     3.1
54903 201112  2.402  -90.1737   44.0604     1.5    -6.7    -2.6    -2.1    33.5     4.8 R     4.9    -7.3    -2.2
54903 201201  2.402  -90.1737   44.0604     0.1   -10.8    -5.4    -4.9    16.3     7.6 R     1.5   -12.1    -5.6
54903 201202  2.402  -90.1737   44.0604     2.2    -7.2    -2.5    -2.3    29.5    10.9 R     7.5    -7.7    -1.8
54903 201203  2.402  -90.1737   44.0604    14.4     4.2     9.3     9.4    46.1    14.2 R    22.4     2.8     9.8
54903 201204  2.402  -90.1737   44.0604    14.8     2.5     8.6     8.8    78.0    21.9 R    28.7     1.2    11.1
54903 201205  2.412  -90.1737   44.0604    23.0    10.3    16.7    16.9   135.2    22.1 R    37.5     8.9    19.5
54903 201206  2.412  -90.1737   44.0604    27.3    14.2    20.7    21.2    74.4    24.7 C    41.7    13.2    24.8
54903 201207  2.412  -90.1737   44.0604    31.6    18.0    24.8    24.8    12.8    22.4 C    49.2    17.5    29.7
54903 201208  2.412  -90.1737   44.0604    27.0    13.4    20.2    20.4    70.5    19.7 C    42.1    12.9    24.0
54903 201209  2.412  -90.1737   44.0604    21.9     6.4    14.2    14.4    40.5    16.7 C    33.6     6.1    16.7
54903 201210  2.412  -90.1737   44.0604    13.8     2.0     7.9     7.9    98.6     9.7 C    20.8     1.4     9.0
54903 201211  2.412  -90.1737   44.0604     7.5    -3.0     2.3     2.4    32.7     6.7 C    12.3    -3.6     2.9
54903 201212  2.412  -90.1737   44.0604     0.7    -6.9    -3.1    -2.8    43.9     4.1 C     1.9    -8.2    -3.0
54903 201301  2.412  -90.1737   44.0604    -2.5   -13.2    -7.8    -7.3    27.7     5.9 C    -1.0   -14.0    -7.4
54903 201302  2.412  -90.1737   44.0604    -2.8   -12.6    -7.7    -7.0    34.3     8.6 C    -2.3   -14.6    -7.7
54903 201303  2.412  -90.1737   44.0604     0.8    -9.2    -4.2    -3.6    57.7    13.3 C     2.0   -11.0    -4.3
54903 201304  2.412  -90.1737   44.0604     9.2     0.4     4.8     4.8   109.8    14.1 C    17.5    -0.7     6.3
54903 201305  2.412  -90.1737   44.0604    20.2     8.6    14.4    14.6   171.9    17.3 C    30.9     7.9    17.0
54903 201306  2.412  -90.1737   44.0604    23.7    14.1    18.9    18.8   177.4    18.9 C    33.5    14.2    21.2
54903 201307  2.422  -90.1737   44.0604    26.9    15.1    21.0    21.2    40.2    22.7 C    45.1    14.3    25.8
54903 201308  2.422  -90.1737   44.0604    27.0    13.9    20.4    20.6    18.5    20.0 C    49.5    12.4    25.5
54903 201309  2.422  -90.1737   44.0604    23.8     9.0    16.4    16.7    47.4    16.5 C    42.0     8.1    20.4
54903 201310  2.422  -90.1737   44.0604    14.1     2.4     8.3     8.8    74.7     8.9 C    23.3     1.5     9.6
54903 201311  2.422  -90.1737   44.0604     4.8    -4.8     0.0     0.4    49.3     5.9 C     9.4    -5.9     0.3
54903 201312  2.422  -90.1737   44.0604    -5.1   -15.3   -10.2    -9.7    32.7     5.0 C    -4.3   -18.7   -10.8
54903 201401  2.422  -90.1737   44.0604    -7.7   -19.8   -13.8   -13.0    23.6     6.2 C    -8.6   -23.0   -14.8
54903 201402  2.422  -90.1737   44.0604    -7.1   -19.4   -13.2   -12.4    25.6    10.7 C    -7.3   -22.7   -14.5
54903 201403  2.422  -90.1737   44.0604     1.9    -9.9    -4.0    -3.3    24.5    14.3 C     7.5   -10.7    -3.1
54903 201404  2.422  -90.1737   44.0604    10.8     0.8     5.8     6.1   165.2    13.3 C    19.8    -1.2     7.1
54903 201405  2.422  -90.1737   44.0604    20.7     8.7    14.7    14.8    70.8    19.7 C    36.3     6.7    17.6
54903 201406  2.422  -90.1737   44.0604    26.0    15.6    20.8    20.5   109.2    21.0 C    43.4    15.0    24.3
54903 201407  2.422  -90.1737   44.0604    24.9    13.1    19.0    19.1    38.3    21.0 C    43.3    11.7    22.7
54903 201408  2.422  -90.1737   44.0604    26.6    14.0    20.3    20.2   165.0    17.7 C    44.9    14.4    24.6
54903 201409  2.422  -90.1737   44.0604    21.1     8.3    14.7    14.8    81.8    14.2 C    34.0     8.2    17.5
54903 201410  2.422  -90.1737   44.0604    13.7     3.1     8.4     8.6    90.9     8.9 C    21.7     2.3     9.4
54903 201411  2.422  -90.1737   44.0604     1.2    -6.8    -2.8    -2.5    29.4     4.7 C     2.8    -9.3    -3.2
54903 201412  2.422  -90.1737   44.0604    -0.6    -7.1    -3.9    -3.5    49.6     3.2 C     0.6    -6.9    -3.3
54903 201501  2.422  -90.1737   44.0604    -3.9   -12.0    -8.0    -7.7    13.3     4.3 C    -3.3   -14.2    -8.4
54903 201502  2.422  -90.1737   44.0604    -7.2   -18.9   -13.1   -12.3    13.6     9.5 C    -6.2   -23.1   -13.9
54903 201503  2.422  -90.1737   44.0604     6.9    -5.5     0.7     1.1    15.1    13.7 C    14.8    -7.5     1.2
54903 201504  2.422  -90.1737   44.0604    15.1     2.7     8.9     8.9    84.7    17.6 C    29.3     0.4    11.4
54903 201505  2.422  -90.1737   44.0604    21.2     9.7    15.5    15.4   109.5    17.7 C    35.4     8.5    18.4
54903 201506  2.422  -90.1737   44.0604    24.6    13.6    19.1    19.0    97.8    21.0 C    39.7    12.9    22.5
54903 201507  2.422  -90.1737   44.0604    26.9    15.1    21.0    21.1    62.8    22.9 C    41.5    14.4    24.8
54903 201508  2.422  -90.1737   44.0604    25.3    14.3    19.8    19.8    98.8    16.9 C    35.7    14.1    22.5
54903 201509  2.422  -90.1737   44.0604    24.8    12.6    18.7    18.6    38.6    15.8 C    35.6    12.2    20.8
54903 201510  2.422  -90.1737   44.0604    15.9     3.9     9.9    10.0    61.7     9.3 C    23.4     2.3    10.7
54903 201511  2.422  -90.1737   44.0604    10.1    -0.4     4.9     5.1    66.8     5.9 C    14.4    -1.8     4.8
54903 201512  2.422  -90.1737   44.0604     3.7    -2.5     0.6     0.6   126.2     3.0 C     5.8    -4.0     0.2
54903 201601  2.422  -90.1737   44.0604    -3.7   -12.1    -7.9    -7.5    28.4     5.0 C    -4.5   -14.3    -8.7
54903 201602  2.422  -90.1737   44.0604     0.1    -9.0    -4.5    -4.0    23.2     8.2 C     1.6   -11.0    -5.1
54903 201603  2.422  -90.1737   44.0604     8.9    -0.7     4.1     4.2   131.2     9.9 C    16.3    -2.5     4.7
54903 201604  2.422  -90.1737   44.0604    13.5     2.6     8.0     7.8    28.3    14.6 C    26.6     0.6    10.0
54903 201605  2.422  -90.1737   44.0604    21.3     8.5    14.9    15.1    96.7    20.1 C    37.3     6.7    18.2
54903 201606  2.422  -90.1737   44.0604    25.6    14.2    19.9    20.0    87.4    22.8 C    42.6    13.5    24.0
54903 201607  2.422  -90.1737   44.0604    27.2    16.5    21.9    21.9   146.7    21.4 C    42.0    16.2    25.4
54903 201608  2.422  -90.1737   44.0604    26.7    16.7    21.7    21.6   188.3    18.7 C    38.6    16.5    24.3
54903 201609  2.422  -90.1737   44.0604    22.8    12.6    17.7    17.4   198.3    12.7 C    31.1    12.1    18.7
54903 201610  2.422  -90.1737   44.0604    17.0     6.4    11.7    11.6    60.8     9.0 C    23.1     5.6    12.3
54903 201611  2.422  -90.1737   44.0604    11.8     1.1     6.4     6.3    51.5     7.0 C    16.1    -0.4     5.9
54903 201612  2.422  -90.1737   44.0604    -2.9    -9.0    -5.9    -5.8    62.9     3.9 C    -3.5   -11.9    -7.3
54903 201701  2.422  -90.1737   44.0604    -2.9    -9.8    -6.4    -6.1    72.1     4.3 C    -3.7   -12.4    -7.4
54903 201702  2.422  -90.1737   44.0604     4.1    -6.6    -1.3    -0.8    33.8     9.9 C     4.2    -9.4    -2.9
54903 201703  2.422  -90.1737   44.0604     4.9    -4.2     0.4     0.4    44.8    11.3 C    12.4    -6.0     1.4
54903 201704  2.422  -90.1737   44.0604    15.3     3.7     9.5     9.7   116.4    13.0 C    24.9     2.4    11.1
54903 201705  2.422  -90.1737   44.0604    19.0     7.7    13.3    13.2   111.9    18.5 C    31.4     6.7    15.7
54903 201706  2.422  -90.1737   44.0604    25.4    14.3    19.9    19.9   136.1    21.5 C    37.3    12.8    22.0
54903 201707  2.422  -90.1737   44.0604    27.3    15.5    21.4    21.4    91.1    22.1 C    37.7    14.6    23.6
54903 201708  2.422  -90.1737   44.0604    24.6    13.0    18.8    18.5    67.6    17.9 C    34.9    12.1    20.4
54903 201709  2.422  -90.1737   44.0604    24.1    10.4    17.2    17.4    32.2    15.5 C    32.5     9.6    18.6
54903 201710  2.422  -90.1737   44.0604    15.7     5.8    10.8    10.9   110.3     7.6 C    20.2     4.6    11.1
54903 201711  2.422  -90.1737   44.0604     6.0    -3.5     1.3     1.5    11.1     5.8 C     9.6    -4.8     1.4
54903 201712  2.422  -90.1737   44.0604    -3.3   -11.1    -7.2    -6.9    16.4     4.4 C    -0.9   -12.4    -6.9
54903 201801  2.422  -90.1737   44.0604    -2.5   -13.1    -7.8    -7.4    33.2     5.9 C    -1.6   -15.5    -8.6
54903 201802  2.422  -90.1737   44.0604    -1.5   -12.7    -7.1    -6.6    31.9     9.2 C     0.0   -15.2    -7.5
54903 201803  2.422  -90.1737   44.0604     5.8    -6.1    -0.1    -0.1    23.7    14.9 C    14.0    -8.2     0.6
54903 201804  2.422  -90.1737   44.0604     8.2    -3.4     2.4     2.8    97.1    17.8 C    16.1    -6.1     3.4
54903 201805  2.622  -90.1737   44.0604    24.4    12.1    18.3    18.2   159.6    18.5 C    34.8    10.5    19.9
54903 201806  2.622  -90.1737   44.0604    25.5    15.4    20.5    20.6   114.8    18.8 C    35.7    14.5    22.6
54903 201807  2.622  -90.1737   44.0604    27.8    15.7    21.8    21.8    72.1    22.1 C    39.4    14.5    24.4
54903 201808  2.622  -90.1737   44.0604    26.6    15.8    21.2    21.0   213.7    15.7 C    35.5    15.0    22.6
54903 201809  2.622  -90.1737   44.0604    22.0    11.5    16.8    16.7   174.5    12.7 C    29.0    10.4    17.8
54903 201810  2.622  -90.1737   44.0604    12.3     3.2     7.8     7.8   114.0     7.1 C    16.8     2.0     7.9
54903 201811  2.622  -90.1737   44.0604     1.3    -4.8    -1.7    -1.6    54.1     4.4 C     5.2    -5.6    -1.1
54903 201812  2.622  -90.1737   44.0604     0.3    -7.0    -3.3    -3.1    57.5     3.2 C    -0.1    -8.8    -4.2
54903 201901  2.622  -90.1737   44.0604    -5.8   -15.3   -10.6   -10.0    50.8     5.4 C    -4.1   -18.2   -10.9
54903 201902  2.622  -90.1737   44.0604    -4.1   -15.0    -9.6    -8.7    99.7     7.6 C    -3.9   -17.8    -9.9
54903 201903  2.622  -90.1737   44.0604     3.5    -8.3    -2.4    -1.9    48.1    14.4 C     9.1   -11.5    -2.5
54903 201904  2.622  -90.1737   44.0604    12.4     2.5     7.5     7.6   109.3    12.9 C    20.0     0.1     8.0
54903 201905  2.622  -90.1737   44.0604    18.0     7.8    12.9    12.9   145.4    15.9 C    29.7     5.8    14.6
54903 201906  2.622  -90.1737   44.0604    24.1    12.8    18.5    18.7   121.6    19.2 C    35.1    11.0    20.6
54903 201907  2.622  -90.1737   44.0604    28.2    17.1    22.6    22.6   146.6    21.3 C    38.9    15.6    24.6
54903 201908  2.622  -90.1737   44.0604    25.2    13.7    19.5    19.5   131.4    18.0 C    35.4    12.3    21.1
54903 201909  2.622  -90.1737   44.0604    22.9    13.0    17.9    17.9   177.6    11.0 C    29.2    11.9    18.7
54903 201910  2.622  -90.1737   44.0604    12.3     3.3     7.8     7.5    88.8     7.3 C    17.2     1.8     7.7
54903 201911  2.622  -90.1737   44.0604     1.9    -4.7    -1.4    -1.1    66.0     4.3 C     4.8    -6.3    -1.2
54903 201912  2.622  -90.1737   44.0604     0.4    -8.1    -3.8    -3.4    51.9     4.1 C     0.8   -10.5    -4.6
54903 202001  2.622  -90.1737   44.0604    -1.2    -9.2    -5.2    -4.8    28.1     3.8 C    -1.1   -11.4    -5.8
54903 202002  2.622  -90.1737   44.0604    -0.6   -12.8    -6.7    -5.9    31.9    10.3 C    -1.5   -17.7    -9.0
54903 202003  2.622  -90.1737   44.0604     7.2    -1.6     2.8     2.8    94.1    10.5 C    13.4    -4.1     2.9
54903 202004  2.622  -90.1737   44.0604    11.9     0.8     6.3     6.2    44.8    15.9 C    22.8    -1.9     7.6
54903 202005  2.622  -90.1737   44.0604    19.2     8.0    13.6    13.8   148.7    18.5 C    32.3     5.4    15.7
54903 202006  2.622  -90.1737   44.0604    26.3    14.6    20.5    20.6   171.3    22.3 C    35.8    12.7    22.2
54903 202007  2.622  -90.1737   44.0604    28.3    17.5    22.9    22.8   117.2    20.7 C    38.0    15.9    24.3
54903 202008  2.622  -90.1737   44.0604    27.1    14.5    20.8    20.7   181.5    18.3 C    37.1    12.7    22.2
54903 202009  2.622  -90.1737   44.0604    20.0     9.8    14.9    14.8    71.8    11.6 C    27.0     8.2    15.5
54903 202010  2.622  -90.1737   44.0604    11.3     1.2     6.2     6.2    60.2     8.7 C    18.0    -0.9     6.6
54903 202011  2.622  -90.1737   44.0604     9.9    -1.0     4.4     4.6    72.9     6.5 C    13.2    -3.8     3.6
54903 202012  2.622  -90.1737   44.0604     0.5    -7.5    -3.5    -3.3    13.7     3.8 C     3.6   -10.2    -3.9
54903 202101  2.622  -90.1737   44.0604    -2.0    -9.8    -5.9    -5.4    26.0     4.1 C    -1.8   -12.8    -6.5
54903 202102  2.622  -90.1737   44.0604    -5.8   -17.4   -11.6   -10.8    26.4     9.7 C    -5.7   -22.1   -13.1
54903 202103  2.622  -90.1737   44.0604    10.2    -2.0     4.1     4.2    41.3    13.4 C    18.2    -5.2     4.3
54903 202104  2.622  -90.1737   44.0604    14.9     3.3     9.1     9.1    44.9    14.7 C    26.7     0.9    10.5
54903 202105  2.622  -90.1737   44.0604    20.1     7.5    13.8    14.2    92.6    17.3 C    33.1     5.0    16.0
54903 202106  2.622  -90.1737   44.0604    28.1    15.1    21.6    22.0   115.8    22.1 C    39.0    13.3    24.2
54903 202107  2.622  -90.1737   44.0604    27.2    15.8    21.5    21.6   110.5    20.5 C    36.2    14.5    23.6
54903 202108  2.622  -90.1737   44.0604    27.2    15.5    21.4    21.2   112.0    17.4 C    36.1    13.8    22.4
54903 202109  2.622  -90.1737   44.0604    23.9    10.1    17.0    16.9    25.2    14.8 C    32.6     8.2    17.7
54903 202110  2.622  -90.1737   44.0604    18.0     7.3    12.6    12.5    48.9     8.2 C    24.3     5.1    12.5
54903 202111  2.622  -90.1737   44.0604     7.0    -3.0     2.0     1.9    24.2     5.6 C    11.4    -5.7     1.3
54903 202112  2.622  -90.1737   44.0604     1.7    -7.7    -3.0    -2.8    57.4     3.6 C     2.6   -10.6    -3.8
54903 202201  2.622  -90.1737   44.0604    -5.4   -17.2   -11.3   -11.0    13.5     6.7 C    -6.0   -21.6   -13.2
54903 202202  2.622  -90.1737   44.0604    -2.3   -14.1    -8.2    -7.8    11.8     8.7 C    -1.4   -16.7    -8.8
54903 202203  2.622  -90.1737   44.0604     4.9    -4.8     0.1     0.0    86.0    10.4 C    12.1    -7.2     0.5
54903 202204  2.622  -90.1737   44.0604    10.2     0.7     5.4     5.3    76.2    12.3 C    18.9    -2.1     6.1
54903 202205  2.622  -90.1737   44.0604    21.6     9.7    15.7    16.0    77.8    17.8 C    33.4     7.0    17.5
54903 202206  2.622  -90.1737   44.0604    24.9 -9999.0 -9999.0 -9999.0   110.3    21.7 C    36.5    11.4    21.8
54903 202207  2.622  -90.1737   44.0604 -9999.0 -9999.0 -9999.0 -9999.0    61.5    20.8 C    35.8    14.5    23.7
54903 202208  2.622  -90.1737   44.0604 -9999.0 -9999.0 -9999.0 -9999.0 -9999.0 -9999.0 U -9999.0 -9999.0 -9999.0
