54810 200411  1.201  -86.9200   46.3345 -9999.0 -9999.0 -9999.0 -9999.0 -9999.0 -9999.0 U -9999.0 -9999.0 -9999.0
54810 200412  1.201  -86.9200   46.3345    -2.4   -11.0    -6.7    -6.1   110.5     3.3 R -9999.0 -9999.0    -8.2
54810 200501  1.201  -86.9200   46.3345    -5.9   -13.3    -9.6    -9.2    50.1     4.2 R -9999.0 -9999.0   -11.2
54810 200502  1.201  -86.9200   46.3345    -1.4   -11.6    -6.5    -5.3    37.7     7.4 R -9999.0 -9999.0    -8.1
54810 200503  1.201  -86.9200   46.3345     0.7   -11.8    -5.5    -4.7    36.4    12.8 R -9999.0 -9999.0    -8.3
54810 200504  1.201  -86.9200   46.3345    11.8    -0.8     5.5     5.4    35.7    17.4 R -9999.0 -9999.0     6.5
54810 200505  1.201  -86.9200   46.3345    14.8     3.3     9.1     9.2    50.1    18.6 R -9999.0 -9999.0    10.6
54810 200506  1.201  -86.9200   46.3345    24.5    10.7    17.6    17.8    45.0    23.6 R -9999.0 -9999.0    19.6
54810 200507  1.201  -86.9200   46.3345    25.9    11.8    18.8    19.1    95.1    23.1 R -9999.0 -9999.0    21.3
54810 200508  1.201  -86.9200   46.3345    24.9    11.9    18.4    18.5    58.7    18.9 R -9999.0 -9999.0    20.1
54810 200509  1.301  -86.9200   46.3345    22.0     8.8    15.4    15.8   114.2    14.9 R -9999.0 -9999.0    16.5
54810 200510  1.301  -86.9200   46.3345    13.5     4.2     8.8     8.9    92.8     7.8 R    18.4     2.1     8.5
54810 200511  1.301  -86.9200   46.3345     3.9    -4.7    -0.4     0.1   141.8     3.4 R     4.8    -7.3    -1.2
54810 200512  1.301  -86.9200   46.3345    -3.4   -10.8    -7.1    -6.4    60.9     3.3 R    -4.0   -14.6    -8.2
54810 200601  1.301  -86.9200   46.3345    -0.3    -6.6    -3.4    -3.0    51.8     3.7 R    -1.2   -10.0    -4.7
54810 200602  1.301  -86.9200   46.3345    -3.7   -12.1    -7.9    -7.2    53.0     7.5 R    -3.9   -16.4    -9.2
54810 200603  1.301  -86.9200   46.3345     2.5    -6.2    -1.9    -1.4    49.5    13.2 R     1.1    -9.9    -3.9
54810 200604  1.301  -86.9200   46.3345    12.6     0.1     6.4     6.4    26.3    17.9 R    23.9    -2.0     7.6
54810 200605  1.301  -86.9200   46.3345    16.3     4.7    10.5    10.6   148.5    16.8 R    23.1     3.4    11.5
54810 200606  1.301  -86.9200   46.3345    21.7     7.7    14.7    15.2    25.9    23.7 R    27.5     6.4    16.2
54810 200607  1.301  -86.9200   46.3345    27.0    12.6    19.8    19.9    66.9    22.2 R    33.6    11.4    21.1
54810 200608  1.301  -86.9200   46.3345    23.7    10.8    17.2    17.5    84.9    18.9 R    30.1     9.6    18.7
54810 200609  1.301  -86.9200   46.3345    17.9     6.0    11.9    12.1    78.0    12.9 R    23.0     4.9    12.7
54810 200610  1.301  -86.9200   46.3345     9.6     0.2     4.9     4.9    92.9     8.2 R    13.5    -1.9     4.4
54810 200611  1.301  -86.9200   46.3345     5.7    -1.5     2.1     2.0    44.5     3.7 R     9.4    -3.3     1.6
54810 200612  1.301  -86.9200   46.3345     0.4    -6.7    -3.2    -2.6    82.5     2.9 R     1.0   -10.2    -4.0
54810 200701  1.301  -86.9200   46.3345    -2.9   -10.6    -6.7    -6.2    65.6     4.5 R    -2.8   -14.7    -7.9
54810 200702  1.301  -86.9200   46.3345    -6.9   -16.7   -11.8   -11.0    45.0     8.5 R    -7.3   -21.4   -13.2
54810 200703  1.301  -86.9200   46.3345     3.6    -6.5    -1.5    -1.0    74.7    11.8 R     3.9    -9.4    -2.8
54810 200704  1.301  -86.9200   46.3345     7.9    -4.1     1.9     2.4    83.1    16.2 R    12.0    -6.9     1.5
54810 200705  1.301  -86.9200   46.3345    18.6     4.5    11.5    12.0    64.4    21.6 R    27.2     3.0    13.4
54810 200706  1.301  -86.9200   46.3345    23.6     8.9    16.2    17.0    62.1    24.2 R    28.4     7.2    17.3
54810 200707  1.301  -86.9200   46.3345    24.9    11.3    18.1    18.3    59.2    22.5 R    30.9     9.3    18.9
54810 200708  1.301  -86.9200   46.3345    25.0    10.0    17.5    18.0    22.4    19.1 R    34.9     7.4    19.0
54810 200709  1.301  -86.9200   46.3345    20.5     8.5    14.5    14.6   166.8    12.9 R    26.0     6.8    14.7
54810 200710  1.302  -86.9200   46.3345    14.9     5.5    10.2    10.2   152.3     8.5 R    19.1     3.6     9.7
54810 200711  1.302  -86.9200   46.3345     3.0    -4.3    -0.7    -0.3    58.6     4.8 R     6.0    -7.6    -1.7
54810 200712  1.302  -86.9200   46.3345    -2.8   -11.0    -6.9    -6.1    88.4     3.7 R    -2.3   -15.1    -7.8
54810 200801  1.302  -86.9200   46.3345    -4.1   -11.2    -7.7    -7.4    76.3     5.3 R    -4.4   -15.1    -9.5
54810 200802  1.302  -86.9200   46.3345    -4.7   -16.8   -10.7    -9.7    62.4     9.4 R    -5.2   -21.3   -11.9
54810 200803  1.302  -86.9200   46.3345    -0.7   -12.4    -6.5    -5.6    51.8    15.4 R    -0.9   -16.8    -7.8
54810 200804  1.302  -86.9200   46.3345     8.6    -2.1     3.2     3.6    98.0    19.5 R    13.6    -4.8     2.2
54810 200805  1.302  -86.9200   46.3345    13.7     1.3     7.5     7.9    60.6    22.7 R    27.4    -0.3    10.1
54810 200806  1.302  -86.9200   46.3345    20.7     8.8    14.7    14.8   112.7    23.4 R    27.4     7.3    15.3
54810 200807  1.302  -86.9200   46.3345    23.3    11.6    17.5    17.6    52.7    26.4 R    28.5     9.5    17.5
54810 200808  1.302  -86.9200   46.3345    24.2     9.3    16.7    17.0    41.6    26.3 R    29.7     6.7    16.6
54810 200809  2.302  -86.9200   46.3345    19.4     7.6    13.5    13.5   104.5    14.0 R    25.7     5.0    13.4
54810 200810  2.302  -86.9200   46.3345    12.0     1.9     6.9     7.0    63.1     8.0 R    18.9    -0.5     6.5
54810 200811  2.302  -86.9200   46.3345     3.8    -3.2     0.3     0.6   108.5     4.2 R     9.2    -6.2    -0.5
54810 200812  2.302  -86.9200   46.3345    -4.7   -13.5    -9.1    -8.6   118.7     3.2 R    -3.8   -17.3   -10.2
54810 200901  2.302  -86.9200   46.3345    -7.7   -19.1   -13.4   -12.4 -9999.0     5.0 R    -7.5   -23.9   -14.5
54810 200902  2.302  -86.9200   46.3345    -3.1   -13.6    -8.3    -7.2 -9999.0     6.7 R     0.6   -16.4    -8.4
54810 200903  2.302  -86.9200   46.3345     1.8    -9.1    -3.6    -3.3    42.2    12.4 R     4.0   -11.9    -5.2
54810 200904  2.302  -86.9200   46.3345     8.0    -1.7     3.1     3.2    68.2    16.0 R    15.0    -3.8     2.9
54810 200905  2.302  -86.9200   46.3345    14.8     1.4     8.1     8.7    88.1    20.3 R    28.2    -0.2    10.7
54810 200906  2.302  -86.9200   46.3345    20.3     7.8    14.0    14.3    47.1    21.4 R    27.8     6.0    15.2
54810 200907  2.302  -86.9200   46.3345    20.5     9.4    15.0    15.3    87.6    20.4 R    28.3     7.5    15.5
54810 200908  2.302  -86.9200   46.3345    21.6    10.3    16.0    16.2    86.6    16.9 R    28.7     8.1    16.6
54810 200909  2.302  -86.9200   46.3345    21.5     8.0    14.7    14.7    69.9    16.0 R    28.7     5.1    14.6
54810 200910  2.302  -86.9200   46.3345     8.2     1.0     4.6     4.6   148.3     5.6 R    12.9    -0.9     4.5
54810 200911  2.302  -86.9200   46.3345     8.2    -1.1     3.5     3.7    22.2     4.9 R    11.7    -3.3     2.9
54810 200912  2.302  -86.9200   46.3345    -3.3   -12.1    -7.7    -7.2    79.6     3.1 R    -2.9   -16.0    -8.8
54810 201001  2.302  -86.9200   46.3345    -3.9   -10.2    -7.0    -6.8    52.1     4.1 R    -3.8   -13.6    -8.4
54810 201002  2.302  -86.9200   46.3345    -2.1    -9.9    -6.0    -5.7    53.0     6.7 R    -1.1   -12.9    -7.3
54810 201003  2.302  -86.9200   46.3345     7.7    -5.3     1.2     1.0     3.2    14.0 R    11.4    -8.5    -0.4
54810 201004  2.302  -86.9200   46.3345    13.5     0.4     6.9     7.0    29.7    17.7 R    23.1    -2.5     7.7
54810 201005  2.302  -86.9200   46.3345    19.2     5.4    12.3    12.6    41.6    23.0 R    28.5     2.7    13.5
54810 201006  2.302  -86.9200   46.3345    19.7     9.5    14.6    14.7   178.5    18.4 R    24.8     8.1    15.3
54810 201007  2.302  -86.9200   46.3345    25.1    13.5    19.3    19.5   138.7    21.1 R    30.1    11.1    19.7
54810 201008  2.302  -86.9200   46.3345    25.3    13.7    19.5    19.6    41.7    19.2 R    31.4    10.8    19.8
54810 201009  2.404  -86.9200   46.3345    16.9     5.5    11.2    11.7   200.6    11.8 R    23.4     3.3    11.6
54810 201010  2.404  -86.9200   46.3345    13.8     1.6     7.7     7.6    59.4     9.7 R    21.3    -0.6     7.0
54810 201011  2.404  -86.9200   46.3345     6.1    -2.3     1.9     1.7    84.6     4.1 R     9.2    -4.1     1.0
54810 201012  2.404  -86.9200   46.3345    -2.8    -8.5    -5.6    -5.3    93.0     2.8 R    -0.9   -11.2    -6.5
54810 201101  2.404  -86.9200   46.3345    -6.3   -14.1   -10.2    -9.6    59.1     3.9 R    -3.5   -17.1   -10.6
54810 201102  2.404  -86.9200   46.3345    -3.1   -13.5    -8.3    -7.5    14.5     7.8 R    -1.4   -16.7    -9.2
54810 201103  2.404  -86.9200   46.3345     0.6    -8.3    -3.9    -3.5    38.4    12.1 R     1.7   -11.0    -4.7
54810 201104  2.404  -86.9200   46.3345     8.2    -2.7     2.8     3.0   101.8    15.0 R    15.1    -4.9     3.2
54810 201105  2.404  -86.9200   46.3345    15.2     4.3     9.8     9.7    75.6    18.6 R    24.1     3.3    11.3
54810 201106  2.402  -86.9200   46.3345    20.9     8.0    14.4    14.6    99.9    20.2 R    24.5     6.6    15.0
54810 201107  2.402  -86.9200   46.3345    26.4    13.2    19.8    20.1    40.6    22.4 R    30.2    11.1    20.1
54810 201108  2.402  -86.9200   46.3345    25.3    10.9    18.1    18.5    12.9    19.6 R    31.5     8.6    18.9
54810 201109  2.402  -86.9200   46.3345    19.6     6.0    12.8    13.1   126.8    13.3 R    26.7     4.1    13.6
54810 201110  2.402  -86.9200   46.3345    14.3     2.8     8.6     8.4    56.1     8.9 R    19.8     0.9     8.5
54810 201111  2.402  -86.9200   46.3345     5.6    -2.0     1.8     2.1    79.8     4.5 R     7.6    -3.9     1.4
54810 201112  2.402  -86.9200   46.3345    -0.7    -7.9    -4.3    -3.7    48.3     2.9 R    -1.0   -10.3    -4.7
54810 201201  2.402  -86.9200   46.3345    -1.7    -9.7    -5.7    -5.4    66.4     3.9 R    -2.5   -13.1    -6.8
54810 201202  2.402  -86.9200   46.3345     0.8    -9.4    -4.3    -3.7    28.9     6.8 R     0.0   -12.5    -5.4
54810 201203  2.402  -86.9200   46.3345     9.4    -1.1     4.1     4.1    44.3    10.8 R    11.5    -3.0     3.5
54810 201204  2.402  -86.9200   46.3345     9.9    -2.5     3.7     4.1    33.3    17.7 R    21.6    -4.7     6.0
54810 201205  2.412  -86.9200   46.3345    19.4     4.4    11.9    12.3    63.3    22.1 C    26.8     2.9    13.7
54810 201206  2.412  -86.9200   46.3345    23.1    10.1    16.6    17.2   109.2    23.0 C    26.7     8.4    17.7
54810 201207  2.412  -86.9200   46.3345    26.5    13.1    19.8    20.2   108.0    23.5 C    35.2    11.7    22.3
54810 201208  2.412  -86.9200   46.3345    24.3    10.8    17.5    18.0    46.3    19.9 C    29.5     9.3    18.6
54810 201209  2.412  -86.9200   46.3345    18.2     5.5    11.8    11.8   116.6    12.9 C    22.0     4.0    12.0
54810 201210  2.412  -86.9200   46.3345    11.1     1.6     6.3     6.5   138.2     7.2 C    14.1     0.4     6.5
54810 201211  2.412  -86.9200   46.3345     4.6    -2.4     1.1     1.0    49.5     4.1 C     6.4    -3.9     0.8
54810 201212  2.412  -86.9200   46.3345     0.0    -5.9    -2.9    -2.6    51.5     2.3 C     0.2    -7.6    -3.1
54810 201301  2.412  -86.9200   46.3345    -3.7   -11.4    -7.6    -7.1    67.9     4.3 C    -3.7   -13.8    -8.1
54810 201302  2.412  -86.9200   46.3345    -4.1   -13.5    -8.8    -7.8 -9999.0     6.3 C    -3.4   -16.1    -8.6
54810 201303  2.412  -86.9200   46.3345    -0.8    -8.4    -4.6    -4.2    56.9    11.6 C     0.0   -10.9    -4.9
54810 201304  2.412  -86.9200   46.3345     5.0    -3.5     0.7     1.2    97.9    15.5 C     5.2    -5.1     0.3
54810 201305  2.412  -86.9200   46.3345    15.1     3.3     9.2     9.4    53.0    20.1 C    22.2     2.9    11.4
54810 201306  2.412  -86.9200   46.3345    20.4     7.7    14.0    14.3    68.2    21.0 C    24.4     6.7    15.3
54810 201307  2.422  -86.9200   46.3345    24.1    11.3    17.7    17.8   112.6    22.5 C    38.2    10.5    21.5
54810 201308  2.422  -86.9200   46.3345    23.9    10.6    17.2    17.4    64.6    19.2 C    32.0     8.3    18.0
54810 201309  2.422  -86.9200   46.3345    19.1     6.6    12.9    13.1    67.4    13.4 C    22.7     4.6    12.8
54810 201310  2.422  -86.9200   46.3345    12.1     2.4     7.3     7.3    93.3     7.9 C    15.0     0.7     6.7
54810 201311  2.422  -86.9200   46.3345     2.9    -4.1    -0.6    -0.4   130.1     3.7 C     3.0    -7.4    -1.9
54810 201312  2.422  -86.9200   46.3345    -6.5   -14.8   -10.7   -10.3    62.8     3.7 C    -7.6   -21.2   -12.9
54810 201401  2.422  -86.9200   46.3345    -8.7   -18.0   -13.3   -12.9    79.8     4.1 C    -9.7   -23.6   -15.4
54810 201402  2.422  -86.9200   46.3345    -8.2   -22.4   -15.3   -13.9    57.1     8.8 C    -8.9   -28.7   -17.4
54810 201403  2.422  -86.9200   46.3345    -2.7   -16.7    -9.7    -8.5    54.9    13.5 C    -4.2   -21.8   -11.5
54810 201404  2.422  -86.9200   46.3345     6.4    -4.4     1.0     1.4    97.6    15.1 C     3.4    -7.5    -1.4
54810 201405  2.422  -86.9200   46.3345    16.2     3.5     9.9    10.0    84.7    18.6 C    24.2     2.0    11.3
54810 201406  2.422  -86.9200   46.3345    21.7     8.7    15.2    15.4    94.9    21.1 C    25.0     7.2    15.4
54810 201407  2.422  -86.9200   46.3345    22.1     8.8    15.5    16.0   112.6    20.5 C    24.6     7.2    15.6
54810 201408  2.422  -86.9200   46.3345    22.2     9.3    15.8    16.0    67.3    15.9 C    25.0     7.9    15.8
54810 201409  2.422  -86.9200   46.3345    19.7     6.7    13.2    12.8    82.5    12.5 C    23.1     5.4    13.0
54810 201410  2.422  -86.9200   46.3345    10.2     2.2     6.2     6.3   158.2     5.9 C    12.3     1.1     6.1
54810 201411  2.422  -86.9200   46.3345     0.0    -8.5    -4.2    -3.6   137.1     4.1 C     0.1   -12.3    -5.3
54810 201412  2.422  -86.9200   46.3345    -1.7    -8.9    -5.3    -4.5    43.8     2.7 C    -2.2   -12.7    -6.2
54810 201501  2.422  -86.9200   46.3345    -5.7   -15.2   -10.5   -10.2    23.6     3.7 C    -5.8   -18.7   -11.6
54810 201502  2.422  -86.9200   46.3345   -10.3   -21.7   -16.0   -14.9    48.9     7.9 C   -10.3   -28.0   -17.7
54810 201503  2.422  -86.9200   46.3345     1.5   -10.4    -4.4    -3.9    35.9    12.0 C    -1.0   -15.5    -7.2
54810 201504  2.422  -86.9200   46.3345     8.6    -2.4     3.1     3.2    63.7    17.5 C    13.5    -5.1     3.1
54810 201505  2.422  -86.9200   46.3345    17.7     3.5    10.6    10.7   132.5    18.0 C    24.7     2.0    11.6
54810 201506  2.422  -86.9200   46.3345    20.0     6.8    13.4    13.7    59.7    19.9 C    24.2     4.5    13.8
54810 201507  2.422  -86.9200   46.3345    24.9    10.6    17.8    18.2    47.6    22.9 C    33.4     8.4    19.3
54810 201508  2.422  -86.9200   46.3345    23.2    11.4    17.3    17.3    38.2    15.8 C    29.6     9.2    17.9
54810 201509  2.422  -86.9200   46.3345    21.8     9.9    15.9    16.0    60.8    14.1 C    26.0     7.6    15.6
54810 201510  2.422  -86.9200   46.3345    12.0     1.4     6.7     7.2   112.5     6.7 C    14.8    -0.9     6.3
54810 201511  2.422  -86.9200   46.3345     8.1    -1.9     3.1     3.2    74.5     4.5 C     9.5    -4.6     1.9
54810 201512  2.422  -86.9200   46.3345     2.7    -3.5    -0.4    -0.4   133.7     2.2 C     3.4    -5.0    -1.0
54810 201601  2.422  -86.9200   46.3345    -3.6   -11.3    -7.5    -7.0   111.8     3.8 C    -4.8   -16.1    -8.9
54810 201602  2.422  -86.9200   46.3345    -2.1   -10.5    -6.3    -5.7    72.6     6.1 C    -3.1   -14.8    -7.9
54810 201603  2.422  -86.9200   46.3345     3.5    -6.0    -1.2    -0.8    67.2    10.7 C     0.9    -9.8    -3.7
54810 201604  2.422  -86.9200   46.3345     6.5    -3.9     1.3     1.8    78.2    14.9 C    12.9    -7.2     1.9
54810 201605  2.422  -86.9200   46.3345    17.5     3.2    10.3    10.6    82.9    20.7 C    27.2     0.9    12.1
54810 201606  2.422  -86.9200   46.3345    21.6     8.2    14.9    15.4    75.2    21.1 C    24.9     5.9    15.1
54810 201607  2.422  -86.9200   46.3345    25.4    11.8    18.6    18.9    53.9    21.9 C    28.1     9.4    18.3
54810 201608  2.422  -86.9200   46.3345    25.0    12.9    18.9    19.1    83.9    16.6 C    29.3    10.3    18.8
54810 201609  2.422  -86.9200   46.3345    21.0     9.8    15.4    15.6   116.6    12.2 C    24.4     6.9    14.8
54810 201610  2.422  -86.9200   46.3345    13.3     3.8     8.6     8.7   158.2     6.4 C    15.7     1.5     8.1
54810 201611  2.422  -86.9200   46.3345     9.7    -0.6     4.5     4.6    49.0     4.6 C    10.5    -3.0     3.2
54810 201612  2.422  -86.9200   46.3345    -2.4    -9.9    -6.2    -6.0    86.6     3.0 C    -2.9   -14.3    -7.9
54810 201701  2.422  -86.9200   46.3345    -2.9   -10.1    -6.5    -6.1    67.6     3.7 C    -4.4   -14.8    -8.6
54810 201702  2.422  -86.9200   46.3345     0.1    -9.4    -4.6    -4.3    76.0     6.4 C    -2.6   -15.0    -7.6
54810 201703  2.422  -86.9200   46.3345     0.7    -7.4    -3.4    -3.2    66.5    10.5 C    -1.1   -11.6    -5.6
54810 201704  2.422  -86.9200   46.3345    10.3    -0.5     4.9     4.7   139.5    13.2 C    18.5    -2.5     5.8
54810 201705  2.422  -86.9200   46.3345    13.8     3.2     8.5     8.5   120.3    16.9 C    22.1     0.8     9.8
54810 201706  2.422  -86.9200   46.3345    21.7     9.7    15.7    15.5   178.4    19.9 C    28.7     7.5    16.6
54810 201707  2.422  -86.9200   46.3345    23.9    10.8    17.3    17.6    38.8    21.8 C    27.6     7.9    17.4
54810 201708  2.422  -86.9200   46.3345    21.3    10.1    15.7    15.8   130.1    16.4 C    25.6     7.1    15.5
54810 201709  2.422  -86.9200   46.3345    21.3     8.9    15.1    14.9    75.1    14.0 C    25.1     5.9    14.4
54810 201710  2.422  -86.9200   46.3345    14.0     3.2     8.6     8.8   194.2     8.2 C    17.3     0.1     7.8
54810 201711  2.422  -86.9200   46.3345     2.9    -4.1    -0.6    -0.5    83.0     3.2 C     2.4    -7.6    -2.1
54810 201712  2.422  -86.9200   46.3345    -4.7   -13.1    -8.9    -8.4    84.3     3.3 C    -5.1   -17.8   -10.4
54810 201801  2.422  -86.9200   46.3345    -4.4   -12.5    -8.4    -7.9    79.4     3.9 C    -5.7   -17.9   -10.1
54810 201802  2.422  -86.9200   46.3345    -3.9   -16.3   -10.1    -9.5    40.0     8.5 C    -5.4   -22.4   -13.0
54810 201803  2.422  -86.9200   46.3345     0.0   -11.0    -5.5    -4.7    44.6    13.1 C    -0.7   -16.8    -7.7
54810 201804  2.422  -86.9200   46.3345     4.2    -7.3    -1.6    -0.8    53.6    18.6 C     0.6   -11.7    -4.6
54810 201805  2.622  -86.9200   46.3345    20.5     4.9    12.7    12.8    30.0    21.4 C    32.0     2.0    14.3
54810 201806  2.622  -86.9200   46.3345    22.1     7.8    15.0    15.5   141.6    23.3 C    26.6     4.9    15.4
54810 201807  2.622  -86.9200   46.3345    25.4    12.2    18.8    19.1    94.2    22.0 C    28.2     9.2    18.4
54810 201808  2.622  -86.9200   46.3345    23.8    12.0    17.9    17.8   116.9    16.2 C    27.5     9.2    17.5
54810 201809  2.622  -86.9200   46.3345    19.8     8.7    14.2    14.1   128.6    12.3 C    23.3     6.3    13.8
54810 201810  2.622  -86.9200   46.3345     9.1     0.9     5.0     5.0   202.5     5.7 C    12.5    -0.7     4.9
54810 201811  2.622  -86.9200   46.3345     0.1    -6.5    -3.2    -2.7    81.4     3.5 C     0.4   -10.0    -4.2
54810 201812  2.622  -86.9200   46.3345    -0.4    -7.6    -4.0    -3.7    55.5     3.0 C    -2.1   -12.3    -6.1
54810 201901  2.622  -86.9200   46.3345    -7.0   -16.1   -11.6   -10.8    91.3     3.7 C    -7.9   -21.9   -13.3
54810 201902  2.622  -86.9200   46.3345    -5.6   -16.3   -11.0    -9.8   131.8     5.6 C    -5.5   -21.4   -11.7
54810 201903  2.622  -86.9200   46.3345     0.6   -12.4    -5.9    -5.1    30.5    13.0 C    -1.8   -17.4    -8.5
54810 201904  2.622  -86.9200   46.3345     7.2    -1.8     2.7     2.8    82.3    13.6 C     9.4    -4.6     1.6
54810 201905  2.622  -86.9200   46.3345    13.6     2.0     7.8     7.9   152.8    17.9 C    23.6    -0.1     9.6
54810 201906  2.622  -86.9200   46.3345    20.9     7.6    14.3    14.4    62.3    22.5 C    30.9     5.4    16.2
54810 201907  2.622  -86.9200   46.3345    25.8    11.8    18.8    19.3    29.6    22.0 C    33.6     9.1    20.0
54810 201908  2.622  -86.9200   46.3345    23.7     9.2    16.5    16.7    66.8    18.7 C    29.8     5.5    16.4
54810 201909  2.622  -86.9200   46.3345    19.5     9.4    14.5    14.6   154.2    10.3 C    23.1     7.4    14.5
54810 201910  2.622  -86.9200   46.3345    11.1     1.5     6.3     6.5   134.6     6.9 C    13.9    -0.4     6.0
54810 201911  2.622  -86.9200   46.3345     0.8    -6.3    -2.7    -2.4   115.7     3.9 C     0.1   -10.2    -4.1
54810 201912  2.622  -86.9200   46.3345    -1.7    -8.9    -5.3    -4.7   128.5     2.5 C    -3.3   -14.4    -7.3
54810 202001  2.622  -86.9200   46.3345    -2.0    -8.3    -5.1    -4.7    94.0     3.2 C    -2.9   -11.8    -6.5
54810 202002  2.622  -86.9200   46.3345    -2.4   -13.3    -7.8    -7.4    32.9     7.3 C    -4.4   -20.0   -11.1
54810 202003  2.622  -86.9200   46.3345     2.4    -6.4    -2.0    -1.3   109.4     9.4 C     0.3    -9.7    -3.5
54810 202004  2.622  -86.9200   46.3345     6.5    -4.6     0.9     1.3    78.0    16.0 C     5.7    -9.6    -1.5
54810 202005  2.622  -86.9200   46.3345    15.3     3.4     9.4     9.6    43.2    19.6 C    25.2     0.9    11.1
54810 202006  2.622  -86.9200   46.3345    23.1     8.7    15.9    16.2   123.8    22.0 C    26.7     6.8    16.0
54810 202007  2.622  -86.9200   46.3345    25.6    14.3    20.0    20.2   206.4    21.3 C    28.7    11.9    19.8
54810 202008  2.622  -86.9200   46.3345    23.5    12.2    17.8    18.0   108.0    15.5 C    26.9     9.5    17.4
54810 202009  2.622  -86.9200   46.3345    18.0     6.9    12.5    12.5    87.8    11.8 C    21.0     4.5    11.9
54810 202010  2.622  -86.9200   46.3345     8.4    -1.4     3.5     3.8   111.2     6.5 C    10.4    -4.0     2.9
54810 202011  2.622  -86.9200   46.3345     7.7    -2.2     2.8     2.6    89.6     4.4 C     9.3    -5.5     1.2
54810 202012  2.622  -86.9200   46.3345    -0.2    -5.9    -3.0    -3.0    37.8     2.6 C     0.5    -8.7    -4.1
54810 202101  2.622  -86.9200   46.3345    -2.4    -9.4    -5.9    -5.3    34.5     3.2 C    -3.1   -13.5    -7.1
54810 202102  2.622  -86.9200   46.3345    -5.0   -16.4   -10.7    -9.8    56.4     8.0 C    -5.7   -23.0   -13.5
54810 202103  2.622  -86.9200   46.3345     5.0    -6.1    -0.6    -0.5    50.4    10.5 C     7.4    -9.8    -1.8
54810 202104  2.622  -86.9200   46.3345     9.9    -0.5     4.7     4.5   100.5    13.9 C    19.3    -1.8     6.1
54810 202105  2.622  -86.9200   46.3345    16.4     4.1    10.3    10.5    27.7    18.3 C    25.7     2.0    11.6
54810 202106  2.622  -86.9200   46.3345    24.1    10.7    17.4    17.4   122.2    21.5 C    30.0     8.8    18.4
54810 202107  2.622  -86.9200   46.3345    24.6    10.7    17.6    18.0    63.9    21.3 C    29.0     8.4    18.3
54810 202108  2.622  -86.9200   46.3345    25.9    12.7    19.3    19.4    37.4    17.4 C    30.5    10.1    19.4
54810 202109  2.622  -86.9200   46.3345    20.6     7.6    14.1    14.1    81.1    13.0 C    25.1     4.7    13.7
54810 202110  2.622  -86.9200   46.3345    15.7     6.4    11.0    11.1    57.9     6.5 C    19.0     4.5    10.7
54810 202111  2.622  -86.9200   46.3345     4.7    -3.3     0.7     0.9   103.6     4.2 C     5.3    -6.6    -0.7
54810 202112  2.622  -86.9200   46.3345     0.1    -8.4    -4.2    -3.8    84.0     2.4 C    -1.5   -12.7    -5.8
54810 202201  2.622  -86.9200   46.3345    -6.8   -17.8   -12.3   -11.4    68.7     3.9 C    -7.5   -21.6   -13.2
54810 202202  2.622  -86.9200   46.3345    -5.3   -16.6   -11.0   -10.0    62.0     6.3 C    -5.6   -20.5   -11.6
54810 202203  2.622  -86.9200   46.3345     0.3   -10.1    -4.9    -4.1    78.2    10.0 C     0.3   -13.2    -5.6
54810 202204  2.622  -86.9200   46.3345     6.4    -2.0     2.2     2.3   120.3    12.6 C    11.2    -4.2     2.2
54810 202205  2.622  -86.9200   46.3345    17.2     4.9    11.0    11.4    63.1    18.1 C    24.5     2.9    12.4
54810 202206  2.622  -86.9200   46.3345    22.0     8.3    15.2    15.5    96.1    21.0 C    27.4     5.8    15.8
54810 202207  2.622  -86.9200   46.3345    24.5    11.4    17.9    18.1    41.2    22.0 C    29.7     8.7    18.4
54810 202208  2.622  -86.9200   46.3345 -9999.0 -9999.0 -9999.0 -9999.0 -9999.0 -9999.0 U -9999.0 -9999.0 -9999.0
