54932 200706  1.302  -92.9936   46.1135 -9999.0 -9999.0 -9999.0 -9999.0 -9999.0 -9999.0 U -9999.0 -9999.0 -9999.0
54932 200707  1.302  -92.9936   46.1135    26.8    13.6    20.2    20.5    92.1    23.9 R    38.1    11.6    22.1
54932 200708  1.302  -92.9936   46.1135    24.7    12.1    18.4    18.6    70.1    16.8 R    29.1    10.0    18.5
54932 200709  1.302  -92.9936   46.1135    21.5     7.9    14.7    14.9   160.0    14.5 R    26.1     6.3    14.9
54932 200710  1.302  -92.9936   46.1135    14.9     4.6     9.8     9.5   133.2     7.7 R    18.8     2.5     9.1
54932 200711  1.302  -92.9936   46.1135     2.9    -4.7    -0.9    -0.8     4.8     4.8 R     6.9    -7.6    -1.3
54932 200712  1.302  -92.9936   46.1135    -6.5   -15.7   -11.1   -10.4 -9999.0     3.4 R    -6.1   -20.5   -12.5
54932 200801  1.302  -92.9936   46.1135    -7.2   -17.3   -12.3   -12.0     0.7     6.0 R    -6.6   -21.2   -14.0
54932 200802  1.302  -92.9936   46.1135    -6.7   -17.6   -12.2   -11.4    20.5     9.1 R    -5.7   -21.7   -13.0
54932 200803  1.302  -92.9936   46.1135     0.6   -10.1    -4.7    -4.2    29.7    14.2 R     1.5   -13.9    -6.1
54932 200804  1.302  -92.9936   46.1135     9.9    -1.6     4.2     4.2   136.5    15.1 R    18.9    -4.8     4.1
54932 200805  1.302  -92.9936   46.1135    16.7     3.6    10.1    10.3    96.5    20.4 R    36.2     1.3    13.3
54932 200806  1.302  -92.9936   46.1135    22.2    10.0    16.1    16.2   124.2    20.9 R    30.3     8.7    17.0
54932 200807  1.302  -92.9936   46.1135    25.5    12.5    19.0    19.4    66.1    23.4 R    29.3    10.3    19.1
54932 200808  1.302  -92.9936   46.1135    25.4    10.9    18.2    18.4   103.1    20.6 R    29.8     8.9    18.1
54932 200809  1.302  -92.9936   46.1135    20.4     8.0    14.2    14.0   113.0    13.3 R    28.4     5.4    13.8
54932 200810  1.302  -92.9936   46.1135    13.4     1.8     7.6     7.6    75.3     8.6 R    25.9    -1.5     6.6
54932 200811  1.302  -92.9936   46.1135     3.7    -5.0    -0.6    -0.5    31.2     4.3 R    15.2    -7.5    -1.2
54932 200812  1.302  -92.9936   46.1135    -6.8   -18.4   -12.6   -12.0    63.5     4.0 R     0.7   -24.2   -14.8
54932 200901  1.302  -92.9936   46.1135    -9.9   -23.3   -16.6   -15.8    13.9     6.4 R    -2.1   -29.2   -19.3
54932 200902  1.302  -92.9936   46.1135    -3.5   -14.3    -8.9    -8.5    24.6     9.1 R     2.8   -18.7   -11.1
54932 200903  1.302  -92.9936   46.1135     2.6    -8.3    -2.9    -2.5    78.0    12.3 R     9.8   -12.1    -3.9
54932 200904  1.302  -92.9936   46.1135    11.9    -0.7     5.6     5.5    29.8    17.7 R    26.3    -4.7     6.1
54932 200905  1.302  -92.9936   46.1135    19.3     3.6    11.4    12.2    28.3    22.0 R    37.1    -0.1    13.8
54932 200906  1.302  -92.9936   46.1135    22.3     9.2    15.7    16.1    73.0    20.7 R    35.1     6.9    17.4
54932 200907  1.302  -92.9936   46.1135    23.0    10.8    16.9    17.1   123.1    21.3 R    30.8     8.1    17.1
54932 200908  1.302  -92.9936   46.1135    23.2    10.9    17.0    17.2   130.9    18.4 R    31.4     8.0    17.2
54932 200909  1.302  -92.9936   46.1135    23.1     9.9    16.5    16.1    17.5    15.1 R    32.3     7.0    16.1
54932 200910  1.302  -92.9936   46.1135     8.0     0.7     4.3     4.3   167.8     5.7 R    13.1    -2.0     4.2
54932 200911  1.302  -92.9936   46.1135     8.5    -1.5     3.5     3.4    21.8     5.5 R    12.0    -5.1     1.7
54932 200912  1.302  -92.9936   46.1135    -6.1   -14.4   -10.3    -9.9    52.9     3.9 R    -4.9   -18.2   -11.2
54932 201001  1.302  -92.9936   46.1135    -7.3   -17.4   -12.4   -12.1    22.6     5.4 R    -7.8   -22.4   -14.9
54932 201002  1.302  -92.9936   46.1135    -2.3   -15.1    -8.7    -8.4    10.1    10.5 R    -3.5   -20.6   -12.3
54932 201003  1.302  -92.9936   46.1135     8.9    -3.0     2.9     2.9    30.5    13.3 R    14.8    -7.1     1.7
54932 201004  1.302  -92.9936   46.1135    16.9     1.5     9.2     9.3    35.7    18.1 R    29.7    -2.9     9.9
54932 201005  1.302  -92.9936   46.1135    20.3     5.6    13.0    13.3    71.9    19.6 R    35.1     2.1    14.8
54932 201006  1.302  -92.9936   46.1135    22.5    11.2    16.9    16.9   163.1    17.8 R    30.5     8.8    17.8
54932 201007  1.302  -92.9936   46.1135    26.7    14.5    20.6    20.9   125.8    22.5 R    31.8    12.1    20.9
54932 201008  1.302  -92.9936   46.1135    26.5    14.7    20.6    20.5   166.8    18.8 R    31.1    12.6    20.5
54932 201009  2.404  -92.9936   46.1135    17.5     6.3    11.9    11.8    89.6    12.6 R    25.0     3.5    11.9
54932 201010  2.404  -92.9936   46.1135    15.5     2.1     8.8     8.5   121.9    10.7 R    24.1    -1.7     7.2
54932 201011  2.404  -92.9936   46.1135     4.3    -4.7    -0.2    -0.4    49.9     5.8 R     6.9    -7.9    -1.9
54932 201012  2.404  -92.9936   46.1135    -6.4   -14.4   -10.4   -10.4    54.7     4.2 R    -5.1   -16.0   -10.9
54932 201101  2.404  -92.9936   46.1135    -9.6   -17.8   -13.7   -13.4    22.8     5.2 R    -7.1   -19.0   -13.3
54932 201102  2.404  -92.9936   46.1135    -4.1   -15.3    -9.7    -9.2    21.0     8.6 R    -1.6   -16.3    -8.9
54932 201103  2.404  -92.9936   46.1135     1.1   -10.0    -4.5    -3.9    49.5    13.8 R     5.7   -11.1    -3.1
54932 201104  2.404  -92.9936   46.1135    10.8    -0.3     5.2     5.0    79.1    14.9 R    17.6    -1.0     6.4
54932 201105  2.404  -92.9936   46.1135    17.9     5.2    11.6    11.6   136.0    21.3 R    24.9     5.1    13.3
54932 201106  2.402  -92.9936   46.1135    21.7    10.4    16.0    16.2    85.2    29.1 R    26.3    10.4    17.8
54932 201107  2.402  -92.9936   46.1135    27.6    15.8    21.7    21.8   141.1    32.7 R    32.5    15.5    23.5
54932 201108  2.402  -92.9936   46.1135    25.5    12.5    19.0    19.2   104.4    27.7 R    31.1    12.1    21.1
54932 201109  2.402  -92.9936   46.1135    20.4     6.3    13.4    13.1    10.1    20.5 R    25.3     5.9    14.6
54932 201110  2.402  -92.9936   46.1135    16.3     2.6     9.5     9.3    28.1    14.7 R    20.0     2.2    10.0
54932 201111  2.402  -92.9936   46.1135     6.0    -4.5     0.8     0.8    15.9     7.7 R     8.7    -4.9     1.1
54932 201112  2.402  -92.9936   46.1135    -0.4    -9.8    -5.1    -4.7    12.4     6.0 R     1.8   -10.0    -4.3
54932 201201  2.402  -92.9936   46.1135    -2.3   -12.4    -7.4    -7.1    11.7     7.0 R     0.0   -12.8    -6.8
54932 201202  2.402  -92.9936   46.1135     0.5    -9.0    -4.3    -4.2    43.5    11.3 R     4.1    -9.3    -3.4
54932 201203  2.402  -92.9936   46.1135    11.3    -0.4     5.5     5.5    33.4    14.9 R    14.8    -1.2     6.0
54932 201204  2.402  -92.9936   46.1135    13.9     0.3     7.1     6.9    69.7    24.1 R    19.4    -0.6     8.2
54932 201205  2.412  -92.9936   46.1135    20.3     7.4    13.9    14.0   242.0    22.8 R    27.0     6.8    15.5
54932 201206  2.412  -92.9936   46.1135    25.0    11.9    18.4    18.7   126.8    22.1 C    30.7    11.3    20.6
54932 201207  2.412  -92.9936   46.1135    28.4    15.8    22.1    22.3   113.1    22.8 C    33.6    15.6    24.3
54932 201208  2.412  -92.9936   46.1135    25.7    11.5    18.6    18.6    42.3    18.8 C    31.2    11.1    20.5
54932 201209  2.412  -92.9936   46.1135    21.8     5.7    13.8    13.4    11.8    16.2 C    26.7     5.2    15.0
54932 201210  2.412  -92.9936   46.1135    12.0     0.3     6.1     6.2    15.9     7.7 C    14.9    -0.1     6.9
54932 201211  2.412  -92.9936   46.1135     4.9    -4.8     0.1     0.2    25.2     4.7 C     7.5    -5.1     0.6
54932 201212  2.412  -92.9936   46.1135    -3.0   -11.9    -7.5    -7.1    27.0     3.6 C    -0.6   -12.3    -6.7
54932 201301  2.412  -92.9936   46.1135    -5.8   -15.5   -10.7   -10.5    17.4     4.6 C    -3.7   -16.1   -10.1
54932 201302  2.412  -92.9936   46.1135    -4.6   -15.3   -10.0    -9.0    26.7     8.4 C    -0.8   -16.5    -8.4
54932 201303  2.412  -92.9936   46.1135     0.0   -10.9    -5.5    -4.7    47.7    14.0 C     5.2   -11.9    -3.6
54932 201304  2.412  -92.9936   46.1135     6.7    -3.0     1.8     2.2    93.3    15.0 C    11.0    -3.6     3.4
54932 201305  2.422  -92.9936   46.1135    18.2     4.4    11.3    11.0    81.2    16.4 C    23.0     3.7    12.3
54932 201306  2.422  -92.9936   46.1135    22.9    10.2    16.6    16.7   202.5    18.6 C    28.7     9.4    17.9
54932 201307  2.422  -92.9936   46.1135    25.6    13.7    19.7    19.9    46.9    21.7 C    30.1    12.9    21.0
54932 201308  2.422  -92.9936   46.1135    26.4    12.1    19.2    19.4    23.7    19.9 C    31.2    11.1    20.3
54932 201309  2.422  -92.9936   46.1135 -9999.0 -9999.0 -9999.0 -9999.0    46.9    13.7 C    25.4     7.6    16.0
54932 201310  2.422  -92.9936   46.1135    11.5     2.5     7.0     6.9   124.7     6.7 C    12.9     1.7     6.8
54932 201311  2.422  -92.9936   46.1135     2.9    -6.9    -2.0    -1.6    15.8     4.9 C     3.8    -7.7    -1.8
54932 201312  2.422  -92.9936   46.1135 -9999.0 -9999.0 -9999.0 -9999.0    70.1     3.8 C    -8.7   -20.7   -14.6
54932 201401  2.422  -92.9936   46.1135   -10.7   -22.9   -16.8   -16.3    16.7     5.6 C    -9.5   -23.6   -16.2
54932 201402  2.422  -92.9936   46.1135    -9.6   -21.0   -15.3   -14.9    35.0     9.8 C    -6.6   -21.7   -14.6
54932 201403  2.422  -92.9936   46.1135    -1.6   -12.7    -7.1    -6.3    48.2    13.6 C     1.8   -13.5    -5.8
54932 201404  2.422  -92.9936   46.1135     7.5    -2.5     2.5     2.7   138.2    15.5 C    10.5    -3.7     3.2
54932 201405  2.422  -92.9936   46.1135    18.5     5.3    11.9    12.0   174.8    18.1 C    23.3     4.2    12.9
54932 201406  2.422  -92.9936   46.1135    24.2    11.1    17.6    17.5   131.3    20.2 C    29.9    10.3    18.8
54932 201407  2.422  -92.9936   46.1135    24.7    12.9    18.8    19.0    75.0    22.1 C    32.1    10.9    20.3
54932 201408  2.422  -92.9936   46.1135    24.3    13.0    18.6    18.5    77.7    16.6 C    36.6     9.7    20.3
54932 201409  2.422  -92.9936   46.1135    19.8     7.9    13.9    13.7   161.5    14.3 C    27.9     3.9    13.7
54932 201410  2.422  -92.9936   46.1135    12.6     1.3     7.0     7.0    29.4     9.1 C    19.4    -3.4     5.7
54932 201411  2.422  -92.9936   46.1135    -1.8    -9.3    -5.6    -5.4    42.7     4.8 C    -1.2   -14.8    -7.6
54932 201412  2.422  -92.9936   46.1135    -2.9    -8.5    -5.7    -5.3    37.2     2.7 C    -2.8   -11.3    -6.6
54932 201501  2.422  -92.9936   46.1135    -5.6   -13.5    -9.6    -9.3     7.5     4.1 C    -4.6   -17.4   -10.8
54932 201502  2.422  -92.9936   46.1135    -8.8   -19.3   -14.0   -13.8    11.1     9.4 C    -5.7   -25.2   -15.7
54932 201503  2.422  -92.9936   46.1135     5.7    -6.5    -0.4    -0.2    20.0    14.5 C    11.9   -13.5    -2.5
54932 201504  2.422  -92.9936   46.1135    13.4    -0.5     6.4     6.7    30.1    17.7 C    25.8    -7.0     6.7
54932 201505  2.422  -92.9936   46.1135    18.9     4.7    11.8    12.2   109.8    17.4 C    33.4     0.8    14.2
54932 201506  2.422  -92.9936   46.1135    24.0    10.8    17.4    17.7    81.0    22.0 C    39.2     7.6    20.0
54932 201507  2.422  -92.9936   46.1135    26.2    14.0    20.1    20.5   174.0    22.4 C    33.2    11.5    21.1
54932 201508  2.422  -92.9936   46.1135    24.1    12.7    18.4    18.5   156.9    17.5 C    28.4    10.2    18.4
54932 201509  2.422  -92.9936   46.1135    23.0    11.3    17.1    17.1    66.7    14.5 C    27.2     8.7    16.8
54932 201510  2.422  -92.9936   46.1135    14.0     2.8     8.4     8.3    80.4     8.8 C    17.3    -0.3     7.2
54932 201511  2.422  -92.9936   46.1135     8.3    -2.1     3.1     3.1    76.6     4.9 C    10.0    -5.0     1.8
54932 201512  2.422  -92.9936   46.1135    -0.1    -5.5    -2.8    -2.6    51.6     2.4 C    -0.1    -8.0    -3.6
54932 201601  2.422  -92.9936   46.1135    -5.8   -14.4   -10.1    -9.6    16.2     4.2 C    -6.5   -19.8   -11.9
54932 201602  2.422  -92.9936   46.1135    -1.9   -11.4    -6.6    -6.3    15.5     7.6 C    -3.7   -16.8    -8.9
54932 201603  2.422  -92.9936   46.1135     7.2    -3.4     1.9     1.8    96.9     9.7 C    11.1    -7.1     1.0
54932 201604  2.422  -92.9936   46.1135    11.2     0.0     5.6     5.4    74.0    15.3 C    22.1    -3.9     6.4
54932 201605  2.422  -92.9936   46.1135    20.3     5.5    12.9    13.3    41.7    19.3 C    32.8     1.2    14.2
54932 201606  2.422  -92.9936   46.1135    23.8    11.0    17.4    17.5    89.7    20.7 C    35.6     8.2    19.2
54932 201607  2.422  -92.9936   46.1135    25.7    14.3    20.0    20.0   278.2    20.9 C    32.5    11.7    20.7
54932 201608  2.422  -92.9936   46.1135    25.7    13.9    19.8    19.6   117.8    17.9 C    31.5    11.2    19.8
54932 201609  2.422  -92.9936   46.1135    21.0    10.3    15.6    15.4    85.1    11.9 C    27.1     7.5    15.5
54932 201610  2.422  -92.9936   46.1135    14.6     3.7     9.1     9.1    44.3     8.4 C    19.3     0.8     8.6
54932 201611  2.422  -92.9936   46.1135     9.4    -0.7     4.3     4.3    73.9     5.2 C    10.6    -4.8     2.4
54932 201612  2.422  -92.9936   46.1135    -5.1   -12.0    -8.5    -8.2    50.5     3.3 C    -6.0   -16.9   -10.4
54932 201701  2.422  -92.9936   46.1135    -4.8   -13.4    -9.1    -8.7    22.9     4.6 C    -6.1   -18.2   -11.6
54932 201702  2.422  -92.9936   46.1135     1.3    -9.4    -4.0    -3.9    32.0     8.3 C     1.3   -14.2    -6.5
54932 201703  2.422  -92.9936   46.1135     3.9    -7.6    -1.9    -1.9    16.8    12.4 C    11.5   -11.4    -1.8
54932 201704  2.422  -92.9936   46.1135    12.6     0.3     6.4     6.5    98.7    13.1 C    22.2    -4.3     6.6
54932 201705  2.422  -92.9936   46.1135    18.1     4.8    11.5    11.3    90.2    17.6 C    32.2     0.4    12.9
54932 201706  2.422  -92.9936   46.1135    24.2    10.2    17.2    17.7   111.4    21.5 C    41.0     6.7    20.1
54932 201707  2.422  -92.9936   46.1135    25.9    12.7    19.3    19.6   107.9    22.4 C    44.8    11.2    23.7
54932 201708  2.422  -92.9936   46.1135    22.3    11.0    16.7    16.6   184.0    16.0 C    34.5     9.3    18.6
54932 201709  2.422  -92.9936   46.1135    22.1     9.4    15.8    15.7    76.5    12.7 C    32.7     7.3    16.5
54932 201710  2.422  -92.9936   46.1135    13.8     2.8     8.3     8.3   155.9     7.8 C    18.8     0.3     7.5
54932 201711  2.422  -92.9936   46.1135     2.3    -6.4    -2.1    -1.8    25.1     4.8 C     3.9    -8.1    -2.7
54932 201712  2.422  -92.9936   46.1135    -6.9   -14.1   -10.5   -10.1    16.7     3.7 C    -7.0   -19.1   -12.2
54932 201801  2.422  -92.9936   46.1135    -5.7   -16.4   -11.1   -11.0    10.0     5.2 C    -8.0   -22.1   -14.6
54932 201802  2.422  -92.9936   46.1135    -6.0   -18.4   -12.2   -11.5    42.0     9.3 C    -7.8   -26.8   -16.3
54932 201803  2.422  -92.9936   46.1135     2.6    -8.4    -2.9    -2.5    38.5    13.3 C    -1.2   -15.2    -7.1
54932 201804  2.422  -92.9936   46.1135     6.7    -5.9     0.4     1.0    25.9    18.2 C     8.4   -11.1    -1.7
54932 201805  2.622  -92.9936   46.1135    23.5     7.1    15.3    15.8    62.3    19.7 C    35.7     4.9    17.2
54932 201806  2.622  -92.9936   46.1135    24.2    11.7    17.9    17.9   149.9    19.0 C    36.8    10.9    20.4
54932 201807  2.622  -92.9936   46.1135    25.9    14.1    20.0    20.1   170.4    21.1 C    37.2    12.6    22.1
54932 201808  2.622  -92.9936   46.1135    24.9    13.0    19.0    19.0   185.5    16.1 C    35.1    12.0    20.7
54932 201809  2.622  -92.9936   46.1135    20.3     9.0    14.6    14.6    80.4    11.9 C    27.4     8.2    15.5
54932 201810  2.622  -92.9936   46.1135     9.1     0.1     4.6     4.7   113.2     6.9 C    14.4    -1.0     5.0
54932 201811  2.622  -92.9936   46.1135    -1.0    -8.5    -4.8    -4.4    40.6     3.9 C     1.6   -10.1    -4.4
54932 201812  2.622  -92.9936   46.1135    -1.9    -9.7    -5.8    -5.5    41.0     2.5 C    -1.3   -11.7    -6.3
54932 201901  2.622  -92.9936   46.1135    -8.8   -19.1   -13.9   -13.6    13.2     5.3 C    -9.4   -25.3   -16.7
54932 201902  2.622  -92.9936   46.1135    -7.5   -18.3   -12.9   -12.2    52.2     7.6 C    -7.9   -24.5   -14.9
54932 201903  2.622  -92.9936   46.1135     0.9   -10.3    -4.7    -4.0    38.5    13.9 C    -0.5   -16.2    -7.8
54932 201904  2.622  -92.9936   46.1135    10.4    -0.9     4.7     4.8    72.3    13.2 C    18.4    -3.8     4.9
54932 201905  2.622  -92.9936   46.1135    16.6     3.7    10.1    10.3   116.8    17.6 C    28.8     1.5    12.1
54932 201906  2.622  -92.9936   46.1135    23.9    10.0    17.0    17.1   135.5    21.4 C    36.0     8.2    19.3
54932 201907  2.622  -92.9936   46.1135    26.6    14.7    20.7    20.7   220.0    21.2 C    36.6    13.4    22.4
54932 201908  2.622  -92.9936   46.1135    24.1    12.1    18.1    18.0    85.4    18.9 C    34.4    10.5    19.5
54932 201909  2.622  -92.9936   46.1135    20.8    10.5    15.6    15.4   275.6    10.2 C    26.7     9.4    16.0
54932 201910  2.622  -92.9936   46.1135    10.4     1.9     6.2     5.9   128.6     7.1 C    14.8     0.5     5.8
54932 201911  2.622  -92.9936   46.1135     0.3    -6.2    -3.0    -2.8    46.9     4.0 C     2.7    -8.1    -3.2
54932 201912  2.622  -92.9936   46.1135    -3.2   -12.9    -8.1    -7.4    81.7     3.6 C    -4.5   -18.7   -10.1
54932 202001  2.622  -92.9936   46.1135    -4.7   -12.9    -8.8    -8.3    27.2     3.6 C    -5.4   -16.6   -10.1
54932 202002  2.622  -92.9936   46.1135    -3.2   -15.2    -9.2    -8.5     4.5     9.9 C    -4.7   -20.9   -12.1
54932 202003  2.622  -92.9936   46.1135     4.6    -4.6     0.0     0.2    53.7    12.2 C     3.9    -8.0    -1.9
54932 202004  2.622  -92.9936   46.1135    11.1    -2.0     4.6     4.4    66.1    17.7 C    23.5    -4.2     6.1
54932 202005  2.622  -92.9936   46.1135    18.0     5.5    11.7    11.8    30.7    19.5 C    30.6     3.1    13.8
54932 202006  2.622  -92.9936   46.1135    26.0    12.0    19.0    19.4    51.1    23.0 C    30.6    11.2    20.6
54932 202007  2.622  -92.9936   46.1135    27.6    14.6    21.1    21.5   182.8    22.2 C    32.8    14.0    23.0
54932 202008  2.622  -92.9936   46.1135    25.6    13.4    19.5    19.4    88.9    17.7 C    29.8    12.6    20.5
54932 202009  2.622  -92.9936   46.1135    19.1     7.0    13.1    13.0    39.0    12.6 C    22.0     6.3    13.5
54932 202010  2.622  -92.9936   46.1135     8.5    -0.5     4.0     4.0    75.3     8.0 C    10.5    -1.3     4.1
54932 202011  2.622  -92.9936   46.1135     6.4    -3.4     1.5     1.7    56.7     5.1 C     7.7    -4.0     1.7
54932 202012  2.622  -92.9936   46.1135    -1.8   -11.2    -6.5    -5.9    26.3     3.3 C    -0.9   -11.9    -6.1
54932 202101  2.622  -92.9936   46.1135    -3.6   -12.2    -7.9    -7.5    20.3     4.3 C    -1.4   -12.8    -7.2
54932 202102  2.622  -92.9936   46.1135 -9999.0 -9999.0 -9999.0 -9999.0 -9999.0 -9999.0 U -9999.0 -9999.0 -9999.0
54932 202103 -9.000  -92.9936   46.1135 -9999.0 -9999.0 -9999.0 -9999.0 -9999.0 -9999.0 U -9999.0 -9999.0 -9999.0
54932 202104  2.622  -92.9936   46.1135 -9999.0 -9999.0 -9999.0 -9999.0 -9999.0 -9999.0 U -9999.0 -9999.0 -9999.0
54932 202105  2.622  -92.9936   46.1135    19.9     5.6    12.7    12.8    52.5    19.3 C    23.1     4.8    13.6
54932 202106  2.622  -92.9936   46.1135    27.4    12.4    19.9    20.4    86.3    23.9 C    31.7    11.8    21.9
54932 202107  2.622  -92.9936   46.1135    27.3    13.3    20.3    20.6 -9999.0    21.3 C    31.9    12.6    22.1
54932 202108  2.622  -92.9936   46.1135    26.9    13.8    20.3    20.3   110.1    18.4 C    30.5    13.1    21.3
54932 202109  2.622  -92.9936   46.1135    23.2     8.6    15.9    15.7   114.7    14.9 C    26.3     7.8    16.3
54932 202110  2.622  -92.9936   46.1135    15.7     5.4    10.5    10.1    44.6     7.7 C    17.7     4.7    10.3
54932 202111  2.622  -92.9936   46.1135     4.8    -4.5     0.1     0.1    35.5     4.8 C     6.0    -5.3    -0.1
54932 202112  2.622  -92.9936   46.1135    -0.7   -10.9    -5.8    -6.0 -9999.0     3.4 C     0.3   -11.5    -6.0
54932 202201  2.622  -92.9936   46.1135    -8.9   -20.9   -14.9   -14.5    11.4     5.4 C    -7.2   -21.6   -14.4
54932 202202  2.622  -92.9936   46.1135    -6.5   -19.6   -13.0   -12.4 -9999.0     8.4 C    -3.7   -20.3   -11.9
54932 202203  2.622  -92.9936   46.1135     1.8    -8.4    -3.3    -3.1    29.1    12.5 C     5.1    -9.2    -2.4
54932 202204  2.622  -92.9936   46.1135     7.4    -2.3     2.5     2.5 -9999.0    11.2 C     9.2    -2.9     2.8
54932 202205  2.622  -92.9936   46.1135    20.4     6.4    13.4    13.5 -9999.0    16.9 C    23.7     5.7    14.1
54932 202206  2.622  -92.9936   46.1135    25.0    11.3    18.2    18.8 -9999.0    22.3 C    33.2     9.4    19.8
54932 202207  2.622  -92.9936   46.1135    25.8    13.6    19.7    19.9    59.5    20.3 C    36.2    12.0    21.7
54932 202208  2.622  -92.9936   46.1135 -9999.0 -9999.0 -9999.0 -9999.0 -9999.0 -9999.0 U -9999.0 -9999.0 -9999.0
